Att	Att_bar	Cr
6.93878160164681e-05	5.53921139170425e-05	3.22197039709008e-17
6.94158831531609e-05	5.61202136889334e-05	3.24268629323689e-17
6.94445529980143e-05	5.68559730180644e-05	3.26297342277019e-17
6.94738082461149e-05	5.75994069027941e-05	3.28268359393098e-17
6.95034955931077e-05	5.83507421809352e-05	3.30146672167502e-17
6.95335598570242e-05	5.91102467791333e-05	3.31909747266184e-17
6.95637903904974e-05	5.9878443739556e-05	3.33509230307442e-17
6.95940532723758e-05	6.06558866423901e-05	3.34904032542344e-17
6.96242118684175e-05	6.14431911031998e-05	3.36047301800948e-17
6.96546608541445e-05	6.22408455452768e-05	3.36905089752864e-17
6.96881645278239e-05	6.30494041998663e-05	3.37430980604857e-17
6.97215954346611e-05	6.38690049870666e-05	3.3760076426259e-17
6.97556222275712e-05	6.46994337396348e-05	3.37423080439574e-17
6.97911145604041e-05	6.55400647221139e-05	3.36948193029369e-17
6.9828074260129e-05	6.63899379439696e-05	3.36278525984958e-17
6.98672286880344e-05	6.72481566623262e-05	3.35543420493414e-17
6.99091245987298e-05	6.81131907279646e-05	3.34849748358401e-17
6.99537342177149e-05	6.89875141740879e-05	3.34225666188688e-17
7.00009948619512e-05	6.98703203156987e-05	3.33654408235359e-17
7.00507002893233e-05	7.07614174754204e-05	3.33083561320157e-17
7.01025359151249e-05	7.16636447844773e-05	3.32450610547671e-17
7.01566817647764e-05	7.25720348563372e-05	3.31746696260264e-17
7.02130608466497e-05	7.34878694532208e-05	3.30955289839159e-17
7.02716355155778e-05	7.44123911277622e-05	3.30067182829307e-17
7.03324627244661e-05	7.53457922147082e-05	3.29093458402191e-17
7.03956352297185e-05	7.6286973455559e-05	3.28051611292539e-17
7.04622676146203e-05	7.72380610480748e-05	3.26936211782491e-17
7.05336487747623e-05	7.81973057516916e-05	3.25770379497606e-17
7.06074001373602e-05	7.91655460249296e-05	3.24562441046919e-17
7.06840716009266e-05	8.0146978399716e-05	3.23302333504382e-17
7.07637532941818e-05	8.11371037287116e-05	3.22016820721335e-17
7.08457975259061e-05	8.21357576470192e-05	3.20715517245197e-17
7.09301054345372e-05	8.31472195895268e-05	3.19391494716684e-17
7.10166763719262e-05	8.41704140240793e-05	3.18055344253641e-17
7.11055151094144e-05	8.52042403687658e-05	3.16732827606263e-17
7.11965777665704e-05	8.62479558473734e-05	3.15431614837069e-17
7.12897669560483e-05	8.73066507087322e-05	3.14141054761342e-17
7.13850439349204e-05	8.83796141192924e-05	3.12864771543325e-17
7.14823708152251e-05	8.94668515143877e-05	3.11617892745458e-17
7.15816788708892e-05	9.05714673822996e-05	3.10390910104895e-17
7.16829133696429e-05	9.16977027018331e-05	3.09171010520442e-17
7.17860493866366e-05	9.28431806106222e-05	3.07985831082206e-17
7.18910321466899e-05	9.40097943813323e-05	3.06830955002972e-17
7.19988291629019e-05	9.52020795373018e-05	3.05698383569933e-17
7.21108184055092e-05	9.64241034618126e-05	3.04591051452276e-17
7.2224550426516e-05	9.76755536031115e-05	3.03527556905603e-17
7.23406407204911e-05	9.89592841469759e-05	3.02509868599861e-17
7.24592983183638e-05	0.00010028236887757	3.01526771521013e-17
7.25796582134286e-05	0.000101649506478406	3.00578848030065e-17
7.27016779514729e-05	0.000103060661537872	2.9969195056032e-17
7.28253532923384e-05	0.000104521028616582	2.98876348040306e-17
7.29507061101786e-05	0.000106038314104471	2.98130607009395e-17
7.30777304756589e-05	0.000107617279598833	2.97469806356512e-17
7.3206441383049e-05	0.000109264745795571	2.96910387118985e-17
7.33368592781412e-05	0.000110988869705204	2.96447199331896e-17
7.34690292979236e-05	0.000112799609179944	2.96089073979813e-17
7.36029091159997e-05	0.000114700571320593	2.95883677805596e-17
7.37385816755336e-05	0.000116706749529607	2.95814946140292e-17
7.38761267967157e-05	0.00011883274710546	2.95902021580934e-17
7.40155747091178e-05	0.000121091280277441	2.9617039301812e-17
7.41570296247937e-05	0.000123502429819062	2.9662298025208e-17
7.43038646634615e-05	0.000126086248369519	2.9730298982953e-17
7.44528358263266e-05	0.000128862509058461	2.98260999800353e-17
7.46042456114981e-05	0.000131862074067381	2.99539255237321e-17
7.47597014243486e-05	0.000135122601734662	3.01176886524159e-17
7.49176949138365e-05	0.000138680186274818	3.03273426395464e-17
7.50784211114225e-05	0.000142586552870765	3.05923606463704e-17
7.52420865268105e-05	0.000146903227354194	3.09271328556633e-17
7.54087840278353e-05	0.000151695274586021	3.13538382228704e-17
7.5578811340757e-05	0.000157061884243331	3.18956884542856e-17
7.57524650825781e-05	0.000163121512763529	3.25917598982222e-17
7.5930022212078e-05	0.000170021389859153	3.34993118909712e-17
7.61119191628597e-05	0.000177971168618064	3.46966667376638e-17
7.62985623473361e-05	0.00018723311040834	3.63187691469794e-17
7.6490552651137e-05	0.000198196090085787	3.8575858711806e-17
7.66883726978518e-05	0.00021136760180061	4.18680348510061e-17
7.68926275910952e-05	0.000227483411822677	4.69956298870624e-17
7.71040729131787e-05	0.000247659756487112	5.58222968052165e-17
7.72010239483274e-05	0.00026062750672084	5.5999999999999e-17
7.73197428018624e-05	0.000262809570450683	5.5999999994095e-17
7.74409799881123e-05	7.65910701543716e-05	2.8e-17
7.76503603888863e-05	7.67193621023209e-06	1.40000000000006e-17
7.78611149525638e-05	7.68485884210852e-06	1.40000000000006e-17
7.80723044484584e-05	7.69777026140115e-06	1.40000000000009e-17
7.82838441089538e-05	7.71067048269867e-06	1.40000000000006e-17
7.84961413376685e-05	7.72355952055788e-06	1.40000000000008e-17
7.72118875732912e-05	7.73643738952074e-06	3.90973321683715e-17
7.60351753603359e-05	1.09881708515292e-05	5.59999999999992e-17
7.58914994557769e-05	1.41869373669633e-05	5.59999999999994e-17
7.57498482891117e-05	1.68616781205015e-05	5.59999999999994e-17
7.56097228295654e-05	1.91526941877357e-05	5.59999999999994e-17
7.54715776363463e-05	2.11602297616731e-05	5.59999999999989e-17
7.53351051759023e-05	2.29477677144499e-05	5.59999999999994e-17
7.52000811924049e-05	2.45618310682126e-05	5.59999999999989e-17
7.50669991751415e-05	2.60407492191637e-05	5.59999999999989e-17
7.49353908399535e-05	2.74060545918063e-05	5.59999999999994e-17
7.48070536606938e-05	2.86779835249149e-05	5.59999999999994e-17
7.46816165616453e-05	2.98737435316239e-05	5.59999999999994e-17
7.45575456742488e-05	3.10033832983397e-05	5.59999999999989e-17
7.44367141483478e-05	3.20795192811965e-05	5.59999999999994e-17
7.43189175230248e-05	3.31116066126e-05	5.59999999999994e-17
7.42031165201216e-05	3.41046357333769e-05	5.59999999999988e-17
7.40890688685434e-05	3.50628945088953e-05	5.59999999999994e-17
7.39773955450789e-05	3.59934990556448e-05	5.59999999999994e-17
7.38680843908513e-05	3.68994013533066e-05	5.59999999999994e-17
7.37611792391316e-05	3.77841779483581e-05	5.59999999999994e-17
7.3657636678264e-05	3.86541147155198e-05	5.59999999999988e-17
7.35565780997991e-05	3.95070584811328e-05	5.59999999999994e-17
7.39581638383088e-05	4.08468011752419e-05	5.42625439412874e-17
7.46232850022193e-05	4.25285477586671e-05	5.17749161430683e-17
7.52093682709443e-05	4.41954191571158e-05	4.97225862076152e-17
7.57328463336997e-05	4.58325347588409e-05	4.80105217572437e-17
7.62072401062319e-05	4.74343950467632e-05	4.65660791923496e-17
7.66422503160185e-05	4.89968788714903e-05	4.53355438964893e-17
7.70452692305656e-05	5.05126669652357e-05	4.42805051666834e-17
7.74225437812485e-05	5.19822941370233e-05	4.33688532234425e-17
7.77782555638299e-05	5.34107957070855e-05	4.25745273867711e-17
7.81168817617637e-05	5.47988212037147e-05	4.18791515358811e-17
7.84409161280305e-05	5.61443951961709e-05	4.12677293094619e-17
7.87518291537854e-05	5.74510965104484e-05	4.07262058680789e-17
7.90520078221665e-05	5.87232695125699e-05	4.02443015583599e-17
7.93429028843358e-05	5.99627117838353e-05	3.98147719497469e-17
7.96250416763767e-05	6.11663756148108e-05	3.94299782865356e-17
7.99000236952554e-05	6.23389129449195e-05	3.90843851913593e-17
8.01690411172375e-05	6.34837721551122e-05	3.87736380380939e-17
8.04326373163144e-05	6.46007636697889e-05	3.84927441233774e-17
8.06911421256308e-05	6.56894881136154e-05	3.82387497854948e-17
8.09457854959804e-05	6.67552327983323e-05	3.80082606351096e-17
8.11967489152966e-05	6.77974133794931e-05	3.77987137994535e-17
8.14441651627233e-05	6.88147502854936e-05	3.76058932836837e-17
8.16881090543166e-05	6.98064398038361e-05	3.74274700277279e-17
8.19294270478434e-05	7.0776879790908e-05	3.72612563486936e-17
8.21684591566593e-05	7.1725996827039e-05	3.71052030185483e-17
8.24068367579256e-05	7.26491163235896e-05	3.69572010410499e-17
8.26429152501675e-05	7.35511809420411e-05	3.68156649525967e-17
8.28769140830721e-05	7.44332450482404e-05	3.66787386302165e-17
8.31112623884518e-05	7.52929245534797e-05	3.65441465826074e-17
8.33436794956643e-05	7.61332635019086e-05	3.6410849699945e-17
8.35740134360407e-05	7.695341946147e-05	3.62768480744525e-17
8.38022852250974e-05	7.7753759339113e-05	3.61404995611934e-17
8.40286577233894e-05	7.85358848937561e-05	3.60020201369898e-17
8.42532944130738e-05	7.93014700887135e-05	3.58624284275438e-17
8.4475702852572e-05	8.00472129470289e-05	3.57236430432628e-17
8.46964057817953e-05	8.07768659834589e-05	3.55908785905809e-17
8.49156219796045e-05	8.14915138779934e-05	3.54691007660593e-17
8.51334547640351e-05	8.21911036211778e-05	3.53597695130231e-17
8.53501429385037e-05	8.28771644883197e-05	3.52590434323374e-17
8.5565169383665e-05	8.35469063452281e-05	3.51563640442417e-17
8.57778600402064e-05	8.41978018424606e-05	3.50389754269539e-17
8.59875323116822e-05	8.48279219354539e-05	3.48970260036851e-17
8.61936899946583e-05	8.54365338215817e-05	3.47258103754467e-17
8.6397010410901e-05	8.60236557279234e-05	3.45247271885024e-17
8.65979412388399e-05	8.6590198832117e-05	3.42964221249661e-17
8.67951308155357e-05	8.71381299197969e-05	3.40451164185254e-17
8.69893940812472e-05	8.76684843071475e-05	3.37740833844571e-17
8.71824261137201e-05	8.81823453017867e-05	3.34878372111715e-17
8.73722286786519e-05	8.86816423050099e-05	3.31900091305464e-17
8.75591131186155e-05	8.91677422373658e-05	3.28850756718349e-17
8.77432282943613e-05	8.96414030879811e-05	3.25750556653451e-17
8.79248440381568e-05	9.01035449146272e-05	3.22631494106855e-17
8.81040874302051e-05	9.05546190934733e-05	3.19506587322658e-17
