channel_index	a	a_bar	Cr
0.000000000000000000e+00	1.173504861071705818e-04	4.863381036557257175e-06	1.400000043459671638e-17
1.000000000000000000e+00	1.171722833532840014e-04	4.855617589782923460e-06	1.400000043459671638e-17
2.000000000000000000e+00	1.169961979030631483e-04	4.847890068049309775e-06	1.400000043459671638e-17
3.000000000000000000e+00	1.168208909803070128e-04	4.840163001063046977e-06	1.400000043459671638e-17
4.000000000000000000e+00	1.166473884950391948e-04	4.832475951843662187e-06	1.400000043459671638e-17
5.000000000000000000e+00	1.164788118330761790e-04	4.825126779905986041e-06	1.400000043459671638e-17
6.000000000000000000e+00	1.163117995020002127e-04	4.817781700694467872e-06	1.400000043459671638e-17
7.000000000000000000e+00	1.161466570920310915e-04	4.810438895219704136e-06	1.400000043459671638e-17
8.000000000000000000e+00	1.159837265731766820e-04	4.803198407898889855e-06	1.400000043459671638e-17
9.000000000000000000e+00	1.158259401563555002e-04	4.796214852831326425e-06	1.400000043459671638e-17
1.000000000000000000e+01	1.156692524091340601e-04	4.789233571500517428e-06	1.400000043459671638e-17
1.100000000000000000e+01	1.155143108917400241e-04	4.782254109159111977e-06	1.400000043459671638e-17
1.200000000000000000e+01	1.153630946646444499e-04	4.775431534653762355e-06	1.400000043459671638e-17
1.300000000000000000e+01	1.152156692114658654e-04	4.768789040099363774e-06	1.400000043459671638e-17
1.400000000000000000e+01	1.150693715317174792e-04	4.762152002513175830e-06	1.400000043459671638e-17
1.500000000000000000e+01	1.149251038441434503e-04	4.755514964926987886e-06	1.400000043459671638e-17
1.600000000000000000e+01	1.147854854934848845e-04	4.749067102238768712e-06	1.400000043459671638e-17
1.700000000000000000e+01	1.146484282799065113e-04	4.742725650430656970e-06	1.400000043459671638e-17
1.800000000000000000e+01	1.145135465776547790e-04	4.736388746096054092e-06	1.400000043459671638e-17
1.900000000000000000e+01	1.143805056926794350e-04	4.730055024992907420e-06	1.400000043459671638e-17
2.000000000000000000e+01	1.142523760790936649e-04	4.723928213934414089e-06	1.400000043459671638e-17
2.100000000000000000e+01	1.141270549851469696e-04	4.717855972558027133e-06	1.400000043459671638e-17
2.200000000000000000e+01	1.140040694735944271e-04	4.711787369160447270e-06	1.400000043459671638e-17
2.300000000000000000e+01	1.138833176810294390e-04	4.705721948994323611e-06	1.400000043459671638e-17
2.400000000000000000e+01	1.137675571953877807e-04	4.699881174019537866e-06	1.400000043459671638e-17
2.500000000000000000e+01	1.136538630817085505e-04	4.694054041465278715e-06	1.400000043459671638e-17
2.600000000000000000e+01	1.135417041950859129e-04	4.688231456384528428e-06	1.400000043459671638e-17
2.700000000000000000e+01	1.134311387431807816e-04	4.682444341597147286e-06	1.400000043459671638e-17
2.800000000000000000e+01	1.133246478275395930e-04	4.676935532188508660e-06	1.400000043459671638e-17
2.900000000000000000e+01	1.132184770540334284e-04	4.671426722779870033e-06	1.400000043459671638e-17
3.000000000000000000e+01	1.131122116930782795e-04	4.665923370339442044e-06	1.400000043459671638e-17
3.100000000000000000e+01	1.130070450017228723e-04	4.660496415453962982e-06	1.400000043459671638e-17
3.200000000000000000e+01	1.129039083025418222e-04	4.655291377275716513e-06	1.400000043459671638e-17
3.300000000000000000e+01	1.127998039009980857e-04	4.650090431823628023e-06	1.400000043459671638e-17
3.400000000000000000e+01	1.126951756305061281e-04	4.644890850613592193e-06	1.400000043459671638e-17
3.500000000000000000e+01	1.125909038819372654e-04	4.639804501493927091e-06	1.400000043459671638e-17
3.600000000000000000e+01	1.124878690461628139e-04	4.634887318388791755e-06	1.400000043459671638e-17
3.700000000000000000e+01	1.123840338550508022e-04	4.629973318515112624e-06	1.400000043459671638e-17
3.800000000000000000e+01	1.122789690271019936e-04	4.625062956620240584e-06	1.400000043459671638e-17
3.900000000000000000e+01	1.121751702157780528e-04	4.620278559741564095e-06	1.400000043459671638e-17
4.000000000000000000e+01	1.120724409702233970e-04	4.615617399394977838e-06	1.400000043459671638e-17
4.100000000000000000e+01	1.119684238801710308e-04	4.610954874806338921e-06	1.400000043459671638e-17
4.200000000000000000e+01	1.118638392654247582e-04	4.606297352438559756e-06	1.400000043459671638e-17
4.300000000000000000e+01	1.117604333558119833e-04	4.601778528012800962e-06	1.400000043459671638e-17
4.400000000000000000e+01	1.116581697715446353e-04	4.597342467604903504e-06	1.400000043459671638e-17
4.500000000000000000e+01	1.115565246436744928e-04	4.592906407197006047e-06	1.400000043459671638e-17
4.600000000000000000e+01	1.114554252126254141e-04	4.588473984767915681e-06	1.400000043459671638e-17
4.700000000000000000e+01	1.113570469897240400e-04	4.584188445733161643e-06	1.400000043459671638e-17
4.800000000000000000e+01	1.112606405513361096e-04	4.579954747896408662e-06	1.400000043459671638e-17
4.900000000000000000e+01	1.111655801651068032e-04	4.575723323796410114e-06	1.400000043459671638e-17
5.000000000000000000e+01	1.110719967982731760e-04	4.571493263938464224e-06	1.400000043459671638e-17
5.100000000000000000e+01	1.109824297600425780e-04	4.567485575535101816e-06	1.400000043459671638e-17
5.200000000000000000e+01	1.108954529627226293e-04	4.563517904898617417e-06	1.400000043459671638e-17
5.300000000000000000e+01	1.108101350837387145e-04	4.559554781735641882e-06	1.400000043459671638e-17
5.400000000000000000e+01	1.107260104618035257e-04	4.555592568067368120e-06	1.400000043459671638e-17
5.500000000000000000e+01	1.106459239963442087e-04	4.551865004032151774e-06	1.400000043459671638e-17
5.600000000000000000e+01	1.105672999983653426e-04	4.548155175143619999e-06	1.400000043459671638e-17
5.700000000000000000e+01	1.104898619814775884e-04	4.544447165244491771e-06	1.400000043459671638e-17
5.800000000000000000e+01	1.104139082599431276e-04	4.540745976555626839e-06	1.400000043459671638e-17
5.900000000000000000e+01	1.103412359952926636e-04	4.537276254268363118e-06	1.400000043459671638e-17
6.000000000000000000e+01	1.102693568100221455e-04	4.533808350970502943e-06	1.400000043459671638e-17
6.100000000000000000e+01	1.101980888051912189e-04	4.530343630904098973e-06	1.400000043459671638e-17
6.200000000000000000e+01	1.101275483961217105e-04	4.526900283963186666e-06	1.400000043459671638e-17
6.300000000000000000e+01	1.100602894439361989e-04	4.523643383436137810e-06	1.400000043459671638e-17
6.400000000000000000e+01	1.099935907404869795e-04	4.520390120887896046e-06	1.400000043459671638e-17
6.500000000000000000e+01	1.099273213185369968e-04	4.517136858339654282e-06	1.400000043459671638e-17
6.600000000000000000e+01	1.098618158721365035e-04	4.513917247095378116e-06	1.400000043459671638e-17
6.700000000000000000e+01	1.097982531064189970e-04	4.510849976213648915e-06	1.400000043459671638e-17
6.800000000000000000e+01	1.097353597288019955e-04	4.507786343310726807e-06	1.400000043459671638e-17
6.900000000000000000e+01	1.096898631658405066e-04	4.504723165155155584e-06	1.400000043459671638e-17
7.000000000000000000e+01	1.096449777833186090e-04	4.501701369008515030e-06	1.400000043459671638e-17
7.100000000000000000e+01	1.096033374778926373e-04	4.498806447372771800e-06	1.400000043459671638e-17
7.200000000000000000e+01	1.095635525416582823e-04	4.495911980484379455e-06	1.400000043459671638e-17
7.300000000000000000e+01	1.095252882805652916e-04	4.493021151574794203e-06	1.400000043459671638e-17
7.400000000000000000e+01	1.094899125746451318e-04	4.490191713557578623e-06	1.400000043459671638e-17
7.500000000000000000e+01	1.094580220524221659e-04	4.487520072871120647e-06	1.400000043459671638e-17
7.600000000000000000e+01	1.094282924896106124e-04	4.484847522689960897e-06	1.400000043459671638e-17
7.700000000000000000e+01	1.094013859983533621e-04	4.482177246245555580e-06	1.400000043459671638e-17
7.800000000000000000e+01	1.093774772016331553e-04	4.479578819882590324e-06	1.400000043459671638e-17
7.900000000000000000e+01	1.093580503948032856e-04	4.477121819945750758e-06	1.400000043459671638e-17
8.000000000000000000e+01	1.093422615667805076e-04	4.474665274756262079e-06	1.400000043459671638e-17
8.100000000000000000e+01	1.093299870262853801e-04	4.472211003303527832e-06	1.400000043459671638e-17
8.200000000000000000e+01	1.093218961614184082e-04	4.469831310416338965e-06	1.400000043459671638e-17
8.300000000000000000e+01	1.093191094696521759e-04	4.467578492040047422e-06	1.400000043459671638e-17
8.400000000000000000e+01	1.093202154152095318e-04	4.465325673663755879e-06	1.400000043459671638e-17
8.500000000000000000e+01	1.093256723834201694e-04	4.463075129024218768e-06	1.400000043459671638e-17
8.600000000000000000e+01	1.093358368962071836e-04	4.460895524971419945e-06	1.400000043459671638e-17
8.700000000000000000e+01	1.093517348635941744e-04	4.458823241293430328e-06	1.400000043459671638e-17
8.800000000000000000e+01	1.093723622034303844e-04	4.456752321857493371e-06	1.400000043459671638e-17
8.900000000000000000e+01	1.093970131478272378e-04	4.454681402421556413e-06	1.400000043459671638e-17
9.000000000000000000e+01	1.094260223908349872e-04	4.452676421351497993e-06	1.400000043459671638e-17
9.100000000000000000e+01	1.094592880690470338e-04	4.450764208741020411e-06	1.400000043459671638e-17
9.200000000000000000e+01	1.094950566766783595e-04	4.448852905625244603e-06	1.400000043459671638e-17
9.300000000000000000e+01	1.095329789677634835e-04	4.446941602509468794e-06	1.400000043459671638e-17
9.400000000000000000e+01	1.095723055186681449e-04	4.445092145033413544e-06	1.400000043459671638e-17
9.500000000000000000e+01	1.096115884138271213e-04	4.443323632585816085e-06	1.400000043459671638e-17
9.600000000000000000e+01	1.096482446882873774e-04	4.441556939127622172e-06	1.400000043459671638e-17
9.700000000000000000e+01	1.096804990083910525e-04	4.439790245669428259e-06	1.400000043459671638e-17
9.800000000000000000e+01	1.097085987566970289e-04	4.438103132997639477e-06	1.400000043459671638e-17
9.900000000000000000e+01	1.097313070204108953e-04	4.436519702721852809e-06	1.400000043459671638e-17
1.000000000000000000e+02	1.097478889278136194e-04	4.434937636688118801e-06	1.400000043459671638e-17
1.010000000000000000e+02	1.097577842301689088e-04	4.433355570654384792e-06	1.400000043459671638e-17
1.020000000000000000e+02	1.097617932828143239e-04	4.431851266417652369e-06	1.400000043459671638e-17
1.030000000000000000e+02	1.097600397770293057e-04	4.430450189829571173e-06	1.400000043459671638e-17
1.040000000000000000e+02	1.097515123547054827e-04	4.429049567988840863e-06	1.400000043459671638e-17
1.050000000000000000e+02	1.097363492590375245e-04	4.427650310390163213e-06	1.400000043459671638e-17
1.060000000000000000e+02	1.097161293728277087e-04	4.426320174388820305e-06	1.400000043459671638e-17
1.070000000000000000e+02	1.096917185350321233e-04	4.425091447046725079e-06	1.400000043459671638e-17
1.080000000000000000e+02	1.096622218028642237e-04	4.423862719704629853e-06	1.400000043459671638e-17
1.090000000000000000e+02	1.096283085644245148e-04	4.422635356604587287e-06	1.400000043459671638e-17
1.100000000000000000e+02	1.095910483854822814e-04	4.421466201165458187e-06	1.400000043459671638e-17
1.110000000000000000e+02	1.095515544875524938e-04	4.420390723680611700e-06	1.400000043459671638e-17
1.120000000000000000e+02	1.095096959033980966e-04	4.419315246195765212e-06	1.400000043459671638e-17
1.130000000000000000e+02	1.094669351004995406e-04	4.418240678205620497e-06	1.400000043459671638e-17
1.140000000000000000e+02	1.094240651582367718e-04	4.417213858687318861e-06	1.400000043459671638e-17
1.150000000000000000e+02	1.093823957489803433e-04	4.416272986418334767e-06	1.400000043459671638e-17
1.160000000000000000e+02	1.093413738999515772e-04	4.415332568896701559e-06	1.400000043459671638e-17
1.170000000000000000e+02	1.093007522285915911e-04	4.414392606122419238e-06	1.400000043459671638e-17
1.180000000000000000e+02	1.092618113034404814e-04	4.413490842125611380e-06	1.400000043459671638e-17
1.190000000000000000e+02	1.092245001927949488e-04	4.412672751641366631e-06	1.400000043459671638e-17
1.200000000000000000e+02	1.091882004402577877e-04	4.411854206409770995e-06	1.400000043459671638e-17
1.210000000000000000e+02	1.091522717615589499e-04	4.411036570672877133e-06	1.400000043459671638e-17
1.220000000000000000e+02	1.084651667042635381e-04	4.403118964546592906e-06	1.400000043459671638e-17
1.230000000000000000e+02	1.084240720956586301e-04	4.402999365993309766e-06	1.400000043459671638e-17
1.240000000000000000e+02	1.083827228285372257e-04	4.402879767440026626e-06	1.400000043459671638e-17
1.250000000000000000e+02	1.083411552826873958e-04	4.402760623634094372e-06	1.400000043459671638e-17
1.260000000000000000e+02	1.082996459444984794e-04	4.402734248287742957e-06	1.400000043459671638e-17
1.270000000000000000e+02	1.082583257812075317e-04	4.402718786877812818e-06	1.400000043459671638e-17
1.280000000000000000e+02	1.082171293091960251e-04	4.402703325467882678e-06	1.400000043459671638e-17
1.290000000000000000e+02	1.081761656678281724e-04	4.402687409310601652e-06	1.400000043459671638e-17
1.300000000000000000e+02	1.081366863218136132e-04	4.402774720801971853e-06	1.400000043459671638e-17
1.310000000000000000e+02	1.080977890524081886e-04	4.402888862387044355e-06	1.400000043459671638e-17
1.320000000000000000e+02	1.080592264770530164e-04	4.403002549224765971e-06	1.400000043459671638e-17
1.330000000000000000e+02	1.080201618606224656e-04	4.403116690809838474e-06	1.400000043459671638e-17
1.340000000000000000e+02	1.079823123291134834e-04	4.403319962875684723e-06	1.400000043459671638e-17
1.350000000000000000e+02	1.079456269508227706e-04	4.403564616950461641e-06	1.400000043459671638e-17
1.360000000000000000e+02	1.079096691682934761e-04	4.403809271025238559e-06	1.400000043459671638e-17
1.370000000000000000e+02	1.078738423530012369e-04	4.404053470352664590e-06	1.400000043459671638e-17
1.380000000000000000e+02	1.078390996553935111e-04	4.404368610266828910e-06	1.400000043459671638e-17
1.390000000000000000e+02	1.078054192475974560e-04	4.404736955621046945e-06	1.400000043459671638e-17
1.400000000000000000e+02	1.077726046787574887e-04	4.405105755722615868e-06	1.400000043459671638e-17
1.410000000000000000e+02	1.077394554158672690e-04	4.405474101076833904e-06	1.400000043459671638e-17
1.420000000000000000e+02	1.077070119208656251e-04	4.405891559144947678e-06	1.400000043459671638e-17
1.430000000000000000e+02	1.076769622159190476e-04	4.406371317600132897e-06	1.400000043459671638e-17
1.440000000000000000e+02	1.076472035492770374e-04	4.406850621307967231e-06	1.400000043459671638e-17
1.450000000000000000e+02	1.076176922651939094e-04	4.407330379763152450e-06	1.400000043459671638e-17
1.460000000000000000e+02	1.075896652764640749e-04	4.407839696796145290e-06	1.400000043459671638e-17
1.470000000000000000e+02	1.075627296813763678e-04	4.408416316437069327e-06	1.400000043459671638e-17
1.480000000000000000e+02	1.075365580618381500e-04	4.408992936077993363e-06	1.400000043459671638e-17
1.490000000000000000e+02	1.075112377293407917e-04	4.409569555718917400e-06	1.400000043459671638e-17
1.500000000000000000e+02	1.074865576811134815e-04	4.410160272527718917e-06	1.400000043459671638e-17
1.510000000000000000e+02	1.074634637916460633e-04	4.410826477396767586e-06	1.400000043459671638e-17
1.520000000000000000e+02	1.074412793968804181e-04	4.411491772771114483e-06	1.400000043459671638e-17
1.530000000000000000e+02	1.074188403435982764e-04	4.412157068145461380e-06	1.400000043459671638e-17
1.540000000000000000e+02	1.073976891348138452e-04	4.412822818267159164e-06	1.400000043459671638e-17
1.550000000000000000e+02	1.073785970220342278e-04	4.413597707753069699e-06	1.400000043459671638e-17
1.560000000000000000e+02	1.073596358764916658e-04	4.414372142491629347e-06	1.400000043459671638e-17
1.570000000000000000e+02	1.073411694960668683e-04	4.415146122482838109e-06	1.400000043459671638e-17
1.580000000000000000e+02	1.073238308890722692e-04	4.415920102474046871e-06	1.400000043459671638e-17
1.590000000000000000e+02	1.073083185474388301e-04	4.416788669914240018e-06	1.400000043459671638e-17
1.600000000000000000e+02	1.072940940503031015e-04	4.417674517753766850e-06	1.400000043459671638e-17
1.610000000000000000e+02	1.072803061106242239e-04	4.418559910845942795e-06	1.400000043459671638e-17
1.620000000000000000e+02	1.072616360033862293e-04	4.419444849190767854e-06	1.400000043459671638e-17
1.630000000000000000e+02	1.072440572897903621e-04	4.420401637617032975e-06	1.400000043459671638e-17
1.640000000000000000e+02	1.072275335900485516e-04	4.421393896336667240e-06	1.400000043459671638e-17
1.650000000000000000e+02	1.072120576282031834e-04	4.422385245561599731e-06	1.400000043459671638e-17
1.660000000000000000e+02	1.071980077540501952e-04	4.423376594786532223e-06	1.400000043459671638e-17
1.670000000000000000e+02	1.071854203473776579e-04	4.424415237735956907e-06	1.400000043459671638e-17
1.680000000000000000e+02	1.071741717169061303e-04	4.425502083904575557e-06	1.400000043459671638e-17
1.690000000000000000e+02	1.071643637260422111e-04	4.426588930073194206e-06	1.400000043459671638e-17
1.700000000000000000e+02	1.071557344403117895e-04	4.427675321494461969e-06	1.400000043459671638e-17
1.710000000000000000e+02	1.071488368324935436e-04	4.428787178767379373e-06	1.400000043459671638e-17
1.720000000000000000e+02	1.071438891813158989e-04	4.429957243701210245e-06	1.400000043459671638e-17
1.730000000000000000e+02	1.071396400220692158e-04	4.431127308635041118e-06	1.400000043459671638e-17
1.740000000000000000e+02	1.071367369149811566e-04	4.432296009326819330e-06	1.400000043459671638e-17
1.750000000000000000e+02	1.071356236934661865e-04	4.433472895470913500e-06	1.400000043459671638e-17
1.760000000000000000e+02	1.071362130460329354e-04	4.434719357959693298e-06	1.400000043459671638e-17
1.770000000000000000e+02	1.071372680598869920e-04	4.435965820448473096e-06	1.400000043459671638e-17
1.780000000000000000e+02	1.071397564373910427e-04	4.437210918695200235e-06	1.400000043459671638e-17
1.790000000000000000e+02	1.071438309736549854e-04	4.438456471689278260e-06	1.400000043459671638e-17
1.800000000000000000e+02	1.071501901606097817e-04	4.439785243448568508e-06	1.400000043459671638e-17
1.810000000000000000e+02	1.071580772986635566e-04	4.441123564902227372e-06	1.400000043459671638e-17
1.820000000000000000e+02	1.071671504178084433e-04	4.442460522113833576e-06	1.400000043459671638e-17
1.830000000000000000e+02	1.071781516657210886e-04	4.443797024578088894e-06	1.400000043459671638e-17
1.840000000000000000e+02	1.071916922228410840e-04	4.445200829650275409e-06	1.400000043459671638e-17
1.850000000000000000e+02	1.072072482202202082e-04	4.446633738552918658e-06	1.400000043459671638e-17
1.860000000000000000e+02	1.072241939255036414e-04	4.448066647455561906e-06	1.400000043459671638e-17
1.870000000000000000e+02	1.072431841748766601e-04	4.449498646863503382e-06	1.400000043459671638e-17
1.880000000000000000e+02	1.072651648428291082e-04	4.450973392522428185e-06	1.400000043459671638e-17
1.890000000000000000e+02	1.072895684046670794e-04	4.452497705642599612e-06	1.400000043459671638e-17
1.900000000000000000e+02	1.073158855433575809e-04	4.454022018762771040e-06	1.400000043459671638e-17
1.910000000000000000e+02	1.073443927452899516e-04	4.455544967640889809e-06	1.400000043459671638e-17
1.920000000000000000e+02	1.073745297617278993e-04	4.457086561160394922e-06	1.400000043459671638e-17
1.930000000000000000e+02	1.074074170901440084e-04	4.458693638298427686e-06	1.400000043459671638e-17
1.940000000000000000e+02	1.074430401786230505e-04	4.460300260689109564e-06	1.400000043459671638e-17
1.950000000000000000e+02	1.074806496035307646e-04	4.461905973585089669e-06	1.400000043459671638e-17
1.960000000000000000e+02	1.075207692338153720e-04	4.463510776986368001e-06	1.400000043459671638e-17
1.970000000000000000e+02	1.075636100722476840e-04	4.465187430469086394e-06	1.400000043459671638e-17
1.980000000000000000e+02	1.076076587196439505e-04	4.466864993446506560e-06	1.400000043459671638e-17
1.990000000000000000e+02	1.076369080692529678e-04	4.468541192181874067e-06	1.400000043459671638e-17
2.000000000000000000e+02	1.076666376320645213e-04	4.470217390917241573e-06	1.400000043459671638e-17
2.010000000000000000e+02	1.076967746485024691e-04	4.471942702366504818e-06	1.400000043459671638e-17
2.020000000000000000e+02	1.077270717360079288e-04	4.473685748962452635e-06	1.400000043459671638e-17
2.030000000000000000e+02	1.077566339517943561e-04	4.475428795558400452e-06	1.400000043459671638e-17
2.040000000000000000e+02	1.077851557056419551e-04	4.477170477912295610e-06	1.400000043459671638e-17
2.050000000000000000e+02	1.078128698281943798e-04	4.478948994801612571e-06	1.400000043459671638e-17
2.060000000000000000e+02	1.078393615898676217e-04	4.480771167436614633e-06	1.400000043459671638e-17
2.070000000000000000e+02	1.078652276191860437e-04	4.482591521082213148e-06	1.400000043459671638e-17
2.080000000000000000e+02	1.078903515008278191e-04	4.484411874727811664e-06	1.400000043459671638e-17
2.090000000000000000e+02	1.079157300409860909e-04	4.486245416046585888e-06	1.400000043459671638e-17
2.100000000000000000e+02	1.079411740647628903e-04	4.488150807446800172e-06	1.400000043459671638e-17
2.110000000000000000e+02	1.079658104572445154e-04	4.490054834604961798e-06	1.400000043459671638e-17
2.120000000000000000e+02	1.082513408618979156e-04	4.512033683568006381e-06	1.400000043459671638e-17
2.130000000000000000e+02	1.082807648344896734e-04	4.514148713496979326e-06	1.400000043459671638e-17
2.140000000000000000e+02	1.083109164028428495e-04	4.516263288678601384e-06	1.400000043459671638e-17
2.150000000000000000e+02	1.083413808373734355e-04	4.518376954365521669e-06	1.400000043459671638e-17
2.160000000000000000e+02	1.083722017938271165e-04	4.520489255810389295e-06	1.400000043459671638e-17
2.170000000000000000e+02	1.084043105947785079e-04	4.522662038652924821e-06	1.400000043459671638e-17
2.180000000000000000e+02	1.084375544451177120e-04	4.524833912000758573e-06	1.400000043459671638e-17
2.190000000000000000e+02	1.084714094758965075e-04	4.527003966359188780e-06	1.400000043459671638e-17
2.200000000000000000e+02	1.085064795915968716e-04	4.529173111222917214e-06	1.400000043459671638e-17
2.210000000000000000e+02	1.085433686967007816e-04	4.531390004558488727e-06	1.400000043459671638e-17
2.220000000000000000e+02	1.085812036762945354e-04	4.533629180514253676e-06	1.400000043459671638e-17
2.230000000000000000e+02	1.086202682927250862e-04	4.535866082733264193e-06	1.400000043459671638e-17
2.240000000000000000e+02	1.086610063794068992e-04	4.538103439699625596e-06	1.400000043459671638e-17
2.250000000000000000e+02	1.087035561795346439e-04	4.540365353022934869e-06	1.400000043459671638e-17
2.260000000000000000e+02	1.087477940018288791e-04	4.542676833807490766e-06	1.400000043459671638e-17
2.270000000000000000e+02	1.087947603082284331e-04	4.544985586107941344e-06	1.400000043459671638e-17
2.280000000000000000e+02	1.088434801204130054e-04	4.547293883661041036e-06	1.400000043459671638e-17
2.290000000000000000e+02	1.088942808564752340e-04	4.549602181214140728e-06	1.400000043459671638e-17
2.300000000000000000e+02	1.089476863853633404e-04	4.551981874101329595e-06	1.400000043459671638e-17
2.310000000000000000e+02	1.090038931579329073e-04	4.554359747999114916e-06	1.400000043459671638e-17
2.320000000000000000e+02	1.090631776605732739e-04	4.556736257654847577e-06	1.400000043459671638e-17
2.330000000000000000e+02	1.091252124751918018e-04	4.559111857815878466e-06	1.400000043459671638e-17
2.340000000000000000e+02	1.091906960937194526e-04	4.561532477964647114e-06	1.400000043459671638e-17
2.350000000000000000e+02	1.092592356144450605e-04	4.563973561744205654e-06	1.400000043459671638e-17
2.360000000000000000e+02	1.093313767341896892e-04	4.566412826534360647e-06	1.400000043459671638e-17
2.370000000000000000e+02	1.094073231797665358e-04	4.568851181829813868e-06	1.400000043459671638e-17
2.380000000000000000e+02	1.094868930522352457e-04	4.571307272271951661e-06	1.400000043459671638e-17
2.390000000000000000e+02	1.095703410101123154e-04	4.573802016238914803e-06	1.400000043459671638e-17
2.400000000000000000e+02	1.096576233976520598e-04	4.576294941216474399e-06	1.400000043459671638e-17
2.410000000000000000e+02	1.097485292120836675e-04	4.578786956699332222e-06	1.400000043459671638e-17
2.420000000000000000e+02	1.098427746910601854e-04	4.581276698445435613e-06	1.400000043459671638e-17
2.430000000000000000e+02	1.099414512282237411e-04	4.583819190884241834e-06	1.400000043459671638e-17
2.440000000000000000e+02	1.100440422305837274e-04	4.586361683323048055e-06	1.400000043459671638e-17
2.450000000000000000e+02	1.101509114960208535e-04	4.588904175761854276e-06	1.400000043459671638e-17
2.460000000000000000e+02	1.102621390600688756e-04	4.591444394463906065e-06	1.400000043459671638e-17
2.470000000000000000e+02	1.103777394746430218e-04	4.594019628711976111e-06	1.400000043459671638e-17
2.480000000000000000e+02	1.104977272916585207e-04	4.596621238306397572e-06	1.400000043459671638e-17
2.490000000000000000e+02	1.106224663089960814e-04	4.599221938406117260e-06	1.400000043459671638e-17
2.500000000000000000e+02	1.107514544855803251e-04	4.601820819516433403e-06	1.400000043459671638e-17
2.510000000000000000e+02	1.108849319280125201e-04	4.604430614563170820e-06	1.400000043459671638e-17
2.520000000000000000e+02	1.110235898522660136e-04	4.607094524544663727e-06	1.400000043459671638e-17
2.530000000000000000e+02	1.111659876187331975e-04	4.609757525031454861e-06	1.400000043459671638e-17
2.540000000000000000e+02	1.113116377382539213e-04	4.612419161276193336e-06	1.400000043459671638e-17
2.550000000000000000e+02	1.114600308937951922e-04	4.615079888026230037e-06	1.400000043459671638e-17
2.560000000000000000e+02	1.116113344323821366e-04	4.617790182237513363e-06	1.400000043459671638e-17
2.570000000000000000e+02	1.117640713346190751e-04	4.620514118869323283e-06	1.400000043459671638e-17
2.580000000000000000e+02	1.119179651141166687e-04	4.623235327017027885e-06	1.400000043459671638e-17
2.590000000000000000e+02	1.120726083172485232e-04	4.625956535164732486e-06	1.400000043459671638e-17
2.600000000000000000e+02	1.122281973948702216e-04	4.628699571185279638e-06	1.400000043459671638e-17
2.610000000000000000e+02	1.123849724535830319e-04	4.631477622751845047e-06	1.400000043459671638e-17
2.620000000000000000e+02	1.125422422774136066e-04	4.634255674318410456e-06	1.400000043459671638e-17
2.630000000000000000e+02	1.127001814893446863e-04	4.637031452148221433e-06	1.400000043459671638e-17
2.640000000000000000e+02	1.128588846768252552e-04	4.639806775230681524e-06	1.400000043459671638e-17
2.650000000000000000e+02	1.130178279709070921e-04	4.642631211027037352e-06	1.400000043459671638e-17
2.660000000000000000e+02	1.131754688685759902e-04	4.645454737328691408e-06	1.400000043459671638e-17
2.670000000000000000e+02	1.133317491621710360e-04	4.648278718377696350e-06	1.400000043459671638e-17
2.680000000000000000e+02	1.134847188950516284e-04	4.651099970942595974e-06	1.400000043459671638e-17
2.690000000000000000e+02	1.136339778895489872e-04	4.653947144106496125e-06	1.400000043459671638e-17
2.700000000000000000e+02	1.137779763666912913e-04	4.656816145143238828e-06	1.400000043459671638e-17
2.710000000000000000e+02	1.139153755502775311e-04	4.659683781937928870e-06	1.400000043459671638e-17
2.720000000000000000e+02	1.140460299211554229e-04	4.662550054490566254e-06	1.400000043459671638e-17
2.730000000000000000e+02	1.141685497714206576e-04	4.665420874516712502e-06	1.400000043459671638e-17
2.740000000000000000e+02	1.142836408689618111e-04	4.668340352509403601e-06	1.400000043459671638e-17
2.750000000000000000e+02	1.143906993092969060e-04	4.671258466260042042e-06	1.400000043459671638e-17
2.760000000000000000e+02	1.144891211879439652e-04	4.674174761021276936e-06	1.400000043459671638e-17
2.770000000000000000e+02	1.145795322372578084e-04	4.677090601035160944e-06	1.400000043459671638e-17
2.780000000000000000e+02	1.146629801951348782e-04	4.680044639826519415e-06	1.400000043459671638e-17
2.790000000000000000e+02	1.147392686107195914e-04	4.683018232753966004e-06	1.400000043459671638e-17
2.800000000000000000e+02	1.148086448665708303e-04	4.685990461439359933e-06	1.400000043459671638e-17
2.810000000000000000e+02	1.148715091403573751e-04	4.688962235377402976e-06	1.400000043459671638e-17
2.820000000000000000e+02	1.149273593910038471e-04	4.691943559009814635e-06	1.400000043459671638e-17
2.830000000000000000e+02	1.149775489466264844e-04	4.694971266872016713e-06	1.400000043459671638e-17
2.840000000000000000e+02	1.150222597061656415e-04	4.697996246250113472e-06	1.400000043459671638e-17
2.850000000000000000e+02	1.150618700194172561e-04	4.701021225628210232e-06	1.400000043459671638e-17
2.860000000000000000e+02	1.150968673755414784e-04	4.704044386016903445e-06	1.400000043459671638e-17
2.870000000000000000e+02	1.151281685451976955e-04	4.707106654677772895e-06	1.400000043459671638e-17
2.880000000000000000e+02	1.151551841758191586e-04	4.710181656264467165e-06	1.400000043459671638e-17
2.890000000000000000e+02	1.151784963440150023e-04	4.713256203103810549e-06	1.400000043459671638e-17
2.900000000000000000e+02	1.151984179159626365e-04	4.716329385701101273e-06	1.400000043459671638e-17
2.910000000000000000e+02	1.152150507550686598e-04	4.719412117992760614e-06	1.400000043459671638e-17
2.920000000000000000e+02	1.152291370090097189e-04	4.722528956335736439e-06	1.400000043459671638e-17
2.930000000000000000e+02	1.152409022324718535e-04	4.725644430436659604e-06	1.400000043459671638e-17
2.940000000000000000e+02	1.152493277913890779e-04	4.728759904537582770e-06	1.400000043459671638e-17
2.950000000000000000e+02	1.152545082732103765e-04	4.731872650154400617e-06	1.400000043459671638e-17
2.960000000000000000e+02	1.152569820987991989e-04	4.735019047075184062e-06	1.400000043459671638e-17
2.970000000000000000e+02	1.152561308117583394e-04	4.738174538942985237e-06	1.400000043459671638e-17
2.980000000000000000e+02	1.152520271716639400e-04	4.741328211821382865e-06	1.400000043459671638e-17
2.990000000000000000e+02	1.152455224655568600e-04	4.744480065710376948e-06	1.400000043459671638e-17
3.000000000000000000e+02	1.152364711742848158e-04	4.747644652525195852e-06	1.400000043459671638e-17
3.010000000000000000e+02	1.152250406448729336e-04	4.750844709633383900e-06	1.400000043459671638e-17
3.020000000000000000e+02	1.152105105575174093e-04	4.754043402499519289e-06	1.400000043459671638e-17
3.030000000000000000e+02	1.151928518083877861e-04	4.757241185870952904e-06	1.400000043459671638e-17
3.040000000000000000e+02	1.151724791270680726e-04	4.760435331263579428e-06	1.400000043459671638e-17
3.050000000000000000e+02	1.151494579971767962e-04	4.763672677654540166e-06	1.400000043459671638e-17
3.060000000000000000e+02	1.151231044786982238e-04	4.766920483234571293e-06	1.400000043459671638e-17
3.070000000000000000e+02	1.150938405771739781e-04	4.770168288814602420e-06	1.400000043459671638e-17
3.080000000000000000e+02	1.150620082626119256e-04	4.773413365910528228e-06	1.400000043459671638e-17
3.090000000000000000e+02	1.150273674284107983e-04	4.776670266437577084e-06	1.400000043459671638e-17
3.100000000000000000e+02	1.149906020145863295e-04	4.779966275236802176e-06	1.400000043459671638e-17
3.110000000000000000e+02	1.149506133515387774e-04	4.783260919793974608e-06	1.400000043459671638e-17
3.120000000000000000e+02	1.149077652371488512e-04	4.786554654856445268e-06	1.400000043459671638e-17
3.130000000000000000e+02	1.148629671661183238e-04	4.789846570929512382e-06	1.400000043459671638e-17
3.140000000000000000e+02	1.148165611084550619e-04	4.793172138306545094e-06	1.400000043459671638e-17
3.150000000000000000e+02	1.147673101513646543e-04	4.796512257598806173e-06	1.400000043459671638e-17
3.160000000000000000e+02	1.147158327512443066e-04	4.799851012649014592e-06	1.400000043459671638e-17
3.170000000000000000e+02	1.146620707004331052e-04	4.803187039215117693e-06	1.400000043459671638e-17
3.180000000000000000e+02	1.146057475125417113e-04	4.806528977496782318e-06	1.400000043459671638e-17
3.190000000000000000e+02	1.145474670920521021e-04	4.809905931324465200e-06	1.400000043459671638e-17
3.200000000000000000e+02	1.144870984717272222e-04	4.813282885152148083e-06	1.400000043459671638e-17
3.210000000000000000e+02	1.144245543400757015e-04	4.816655746253672987e-06	1.400000043459671638e-17
3.220000000000000000e+02	1.143601402873173356e-04	4.820028152607847005e-06	1.400000043459671638e-17
3.230000000000000000e+02	1.142945839092135429e-04	4.823424205824267119e-06	1.400000043459671638e-17
3.240000000000000000e+02	1.142268374678678811e-04	4.826836175197968259e-06	1.400000043459671638e-17
3.250000000000000000e+02	1.141575994552113116e-04	4.830245870834914967e-06	1.400000043459671638e-17
3.260000000000000000e+02	1.140863678301684558e-04	4.833653292735107243e-06	1.400000043459671638e-17
3.270000000000000000e+02	1.140135718742385507e-04	4.837062988372053951e-06	1.400000043459671638e-17
3.280000000000000000e+02	1.139398882514797151e-04	4.840513156523229554e-06	1.400000043459671638e-17
3.290000000000000000e+02	1.138647203333675861e-04	4.843963324674405158e-06	1.400000043459671638e-17
3.300000000000000000e+02	1.137878716690465808e-04	4.847411219088826329e-06	1.400000043459671638e-17
3.310000000000000000e+02	1.137092185672372580e-04	4.850856839766493067e-06	1.400000043459671638e-17
3.320000000000000000e+02	1.136292339651845396e-04	4.854326107306405902e-06	1.400000043459671638e-17
3.330000000000000000e+02	1.135464262915775180e-04	4.857821750192670152e-06	1.400000043459671638e-17
3.340000000000000000e+02	1.134612684836611152e-04	4.861313300352776423e-06	1.400000043459671638e-17
3.350000000000000000e+02	1.133724872488528490e-04	4.864804395765531808e-06	1.400000043459671638e-17
3.360000000000000000e+02	1.132809629780240357e-04	4.868291853199480101e-06	1.400000043459671638e-17
3.370000000000000000e+02	1.131868630181998014e-04	4.871827513852622360e-06	1.400000043459671638e-17
3.380000000000000000e+02	1.130896343966014683e-04	4.875363629253115505e-06	1.400000043459671638e-17
3.390000000000000000e+02	1.129888405557721853e-04	4.878897470916854218e-06	1.400000043459671638e-17
3.400000000000000000e+02	1.128849980887025595e-04	4.882428584096487612e-06	1.400000043459671638e-17
3.410000000000000000e+02	1.127787108998745680e-04	4.885976522928103805e-06	1.400000043459671638e-17
3.420000000000000000e+02	1.126697898143902421e-04	4.889556748821632937e-06	1.400000043459671638e-17
3.430000000000000000e+02	1.125587004935368896e-04	4.893130608252249658e-06	1.400000043459671638e-17
3.440000000000000000e+02	1.124454574892297387e-04	4.896704012935515493e-06	1.400000043459671638e-17
3.450000000000000000e+02	1.123301408370025456e-04	4.900276053376728669e-06	1.400000043459671638e-17
3.460000000000000000e+02	1.122125977417454123e-04	4.903877197648398578e-06	1.400000043459671638e-17
3.470000000000000000e+02	1.120924862334504724e-04	4.907486982119735330e-06	1.400000043459671638e-17
3.480000000000000000e+02	1.119695007218979299e-04	4.911094038106966764e-06	1.400000043459671638e-17
3.490000000000000000e+02	1.118443105951882899e-04	4.914700184599496424e-06	1.400000043459671638e-17
3.500000000000000000e+02	1.117165957111865282e-04	4.918311788060236722e-06	1.400000043459671638e-17
3.510000000000000000e+02	1.115862978622317314e-04	4.921951585856731981e-06	1.400000043459671638e-17
3.520000000000000000e+02	1.114540937123820186e-04	4.925591383653227240e-06	1.400000043459671638e-17
3.530000000000000000e+02	1.113196340156719089e-04	4.929229362460318953e-06	1.400000043459671638e-17
3.540000000000000000e+02	1.111825040425173938e-04	4.932864612783305347e-06	1.400000043459671638e-17
3.550000000000000000e+02	1.110438533942215145e-04	4.936524419463239610e-06	1.400000043459671638e-17
3.560000000000000000e+02	1.109037330024875700e-04	4.940198323311051354e-06	1.400000043459671638e-17
3.570000000000000000e+02	1.107616626541130245e-04	4.943873591400915757e-06	1.400000043459671638e-17
3.580000000000000000e+02	1.106184863601811230e-04	4.947545221511973068e-06	1.400000043459671638e-17
3.590000000000000000e+02	1.104739349102601409e-04	4.951215942128328606e-06	1.400000043459671638e-17
3.600000000000000000e+02	1.103283429984003305e-04	4.954928954248316586e-06	1.400000043459671638e-17
3.610000000000000000e+02	1.101810994441621006e-04	4.958644240105058998e-06	1.400000043459671638e-17
3.620000000000000000e+02	1.073389576049521565e-04	5.026684902986744419e-06	1.400000043459671638e-17
3.630000000000000000e+02	1.071658407454378903e-04	5.030532520322594792e-06	1.400000043459671638e-17
3.640000000000000000e+02	1.069877762347459793e-04	5.034381047153146937e-06	1.400000043459671638e-17
3.650000000000000000e+02	1.068042765837162733e-04	5.038225026510190219e-06	1.400000043459671638e-17
3.660000000000000000e+02	1.066143886419013143e-04	5.042091743234777823e-06	1.400000043459671638e-17
3.670000000000000000e+02	1.064168391167186201e-04	5.045973011874593794e-06	1.400000043459671638e-17
3.680000000000000000e+02	1.062118681147694588e-04	5.049854280514409766e-06	1.400000043459671638e-17
3.690000000000000000e+02	1.059992791851982474e-04	5.053731911175418645e-06	1.400000043459671638e-17
3.700000000000000000e+02	1.057792615029029548e-04	5.057608177594374865e-06	1.400000043459671638e-17
3.710000000000000000e+02	1.055530738085508347e-04	5.061523552285507321e-06	1.400000043459671638e-17
3.720000000000000000e+02	1.053215673891827464e-04	5.065441200713394210e-06	1.400000043459671638e-17
3.730000000000000000e+02	1.050852151820436120e-04	5.069357484899228439e-06	1.400000043459671638e-17
3.740000000000000000e+02	1.048460180754773319e-04	5.073269221611553803e-06	1.400000043459671638e-17
3.750000000000000000e+02	1.046046454575844109e-04	5.077190053270896897e-06	1.400000043459671638e-17
3.760000000000000000e+02	1.043631709762848914e-04	5.081146809970960021e-06	1.400000043459671638e-17
3.770000000000000000e+02	1.041216019075363874e-04	5.085098564450163394e-06	1.400000043459671638e-17
3.780000000000000000e+02	1.038800910464487970e-04	5.089051228424068540e-06	1.400000043459671638e-17
3.790000000000000000e+02	1.036390603985637426e-04	5.093000709166517481e-06	1.400000043459671638e-17
3.800000000000000000e+02	1.033995577017776668e-04	5.096968834550352767e-06	1.400000043459671638e-17
3.810000000000000000e+02	1.031623687595129013e-04	5.100959242554381490e-06	1.400000043459671638e-17
3.820000000000000000e+02	1.029272389132529497e-04	5.104944193590199575e-06	1.400000043459671638e-17
3.830000000000000000e+02	1.026948229991830885e-04	5.108930963615421206e-06	1.400000043459671638e-17
3.840000000000000000e+02	1.024660668917931616e-04	5.112913186167133972e-06	1.400000043459671638e-17
3.850000000000000000e+02	1.022415017359890044e-04	5.116922693559899926e-06	1.400000043459671638e-17
3.860000000000000000e+02	1.020210329443216324e-04	5.120937657920876518e-06	1.400000043459671638e-17
3.870000000000000000e+02	1.018045659293420613e-04	5.124951258039800450e-06	1.400000043459671638e-17
3.880000000000000000e+02	1.015914749586954713e-04	5.128963948664022610e-06	1.400000043459671638e-17
3.890000000000000000e+02	1.013810833683237433e-04	5.132974820298841223e-06	1.400000043459671638e-17
3.900000000000000000e+02	1.011723870760761201e-04	5.137019343237625435e-06	1.400000043459671638e-17
3.910000000000000000e+02	1.009631450870074332e-04	5.141059773450251669e-06	1.400000043459671638e-17
3.920000000000000000e+02	1.007522878353483975e-04	5.145099294168176129e-06	1.400000043459671638e-17
3.930000000000000000e+02	1.005386147880926728e-04	5.149136995896697044e-06	1.400000043459671638e-17
3.940000000000000000e+02	1.003206489258445799e-04	5.153184247319586575e-06	1.400000043459671638e-17
3.950000000000000000e+02	1.000973425107076764e-04	5.157255145604722202e-06	1.400000043459671638e-17
3.960000000000000000e+02	9.986733493860810995e-05	5.161325589142506942e-06	1.400000043459671638e-17
3.970000000000000000e+02	9.962946205632761121e-05	5.165393758943537250e-06	1.400000043459671638e-17
3.980000000000000000e+02	9.938365110429003835e-05	5.169460564502514899e-06	1.400000043459671638e-17
3.990000000000000000e+02	9.913048415910452604e-05	5.173546469450229779e-06	1.400000043459671638e-17
4.000000000000000000e+02	9.886985208140686154e-05	5.177652838028734550e-06	1.400000043459671638e-17
4.010000000000000000e+02	9.860165300779044628e-05	5.181756478123134002e-06	1.400000043459671638e-17
4.020000000000000000e+02	9.832530486164614558e-05	5.185857844480779022e-06	1.400000043459671638e-17
4.030000000000000000e+02	9.804200817598029971e-05	5.189958756091073155e-06	1.400000043459671638e-17
4.040000000000000000e+02	9.775205398909747601e-05	5.194088771531824023e-06	1.400000043459671638e-17
4.050000000000000000e+02	9.745595889398828149e-05	5.198227427172241732e-06	1.400000043459671638e-17
4.060000000000000000e+02	9.715397027321159840e-05	5.202363809075905010e-06	1.400000043459671638e-17
4.070000000000000000e+02	9.684700489742681384e-05	5.206499736232217401e-06	1.400000043459671638e-17
4.080000000000000000e+02	9.653502638684585690e-05	5.210632025409722701e-06	1.400000043459671638e-17
4.090000000000000000e+02	9.621941717341542244e-05	5.214802968112053350e-06	1.400000043459671638e-17
4.100000000000000000e+02	9.590033732820302248e-05	5.218974365561734885e-06	1.400000043459671638e-17
4.110000000000000000e+02	9.557772136759012938e-05	5.223144398769363761e-06	1.400000043459671638e-17
4.120000000000000000e+02	9.525347559247165918e-05	5.227310793998185545e-06	1.400000043459671638e-17
4.130000000000000000e+02	9.492763638263568282e-05	5.231483555689919740e-06	1.400000043459671638e-17
4.140000000000000000e+02	9.460042201681062579e-05	5.235679054749198258e-06	1.400000043459671638e-17
4.150000000000000000e+02	9.427293116459622979e-05	5.239877282292582095e-06	1.400000043459671638e-17
4.160000000000000000e+02	9.394529479322955012e-05	5.244070052867755294e-06	1.400000043459671638e-17
4.170000000000000000e+02	9.361785487271845341e-05	5.248261459200875834e-06	1.400000043459671638e-17
4.180000000000000000e+02	9.329106978839263320e-05	5.252463324723066762e-06	1.400000043459671638e-17
4.190000000000000000e+02	9.296577627537772059e-05	5.256686563370749354e-06	1.400000043459671638e-17
4.200000000000000000e+02	9.264077380066737533e-05	5.260907073534326628e-06	1.400000043459671638e-17
4.210000000000000000e+02	9.231633157469332218e-05	5.265126219455851242e-06	1.400000043459671638e-17
4.220000000000000000e+02	9.199197666021063924e-05	5.269341272651217878e-06	1.400000043459671638e-17
4.230000000000000000e+02	9.166856762021780014e-05	5.273575879982672632e-06	1.400000043459671638e-17
4.240000000000000000e+02	9.134568244917318225e-05	5.277824584482004866e-06	1.400000043459671638e-17
4.250000000000000000e+02	9.102206968236714602e-05	5.282070105749880895e-06	1.400000043459671638e-17
4.260000000000000000e+02	9.069743100553750992e-05	5.286314717523055151e-06	1.400000043459671638e-17
4.270000000000000000e+02	9.037161362357437611e-05	5.290557965054176748e-06	1.400000043459671638e-17
4.280000000000000000e+02	9.004580351756885648e-05	5.294829861668404192e-06	1.400000043459671638e-17
4.290000000000000000e+02	8.971843635663390160e-05	5.299110398482298478e-06	1.400000043459671638e-17
4.300000000000000000e+02	8.938903192756697536e-05	5.303388661559438333e-06	1.400000043459671638e-17
4.310000000000000000e+02	8.905842696549370885e-05	5.307665105647174641e-06	1.400000043459671638e-17
4.320000000000000000e+02	8.872484613675624132e-05	5.311940640240209177e-06	1.400000043459671638e-17
4.330000000000000000e+02	8.838875510264188051e-05	5.316251190379261971e-06	1.400000043459671638e-17
4.340000000000000000e+02	8.805008110357448459e-05	5.320561285770963877e-06	1.400000043459671638e-17
4.350000000000000000e+02	8.770878048380836844e-05	5.324869562173262239e-06	1.400000043459671638e-17
4.360000000000000000e+02	8.736526797292754054e-05	5.329178293322911486e-06	1.400000043459671638e-17
4.370000000000000000e+02	8.701974002178758383e-05	5.333487933967262506e-06	1.400000043459671638e-17
4.380000000000000000e+02	8.667325164424255490e-05	5.337832135410280898e-06	1.400000043459671638e-17
4.390000000000000000e+02	8.632552635390311480e-05	5.342174063116544858e-06	1.400000043459671638e-17
4.400000000000000000e+02	8.597674604970961809e-05	5.346514171833405271e-06	1.400000043459671638e-17
4.410000000000000000e+02	8.562737639294937253e-05	5.350853371055563912e-06	1.400000043459671638e-17
4.420000000000000000e+02	8.527890167897567153e-05	5.355195753509178758e-06	1.400000043459671638e-17
4.430000000000000000e+02	8.493164932588115335e-05	5.359564966056495905e-06	1.400000043459671638e-17
4.440000000000000000e+02	8.458620141027495265e-05	5.363929631130304188e-06	1.400000043459671638e-17
4.450000000000000000e+02	8.424212865065783262e-05	5.368292931962059811e-06	1.400000043459671638e-17
4.460000000000000000e+02	8.389986032852903008e-05	5.372654868551762775e-06	1.400000043459671638e-17
4.470000000000000000e+02	8.356017497135326266e-05	5.377026809583185241e-06	1.400000043459671638e-17
4.480000000000000000e+02	8.322259236592799425e-05	5.381416031013941392e-06	1.400000043459671638e-17
4.490000000000000000e+02	8.288714889204129577e-05	5.385805707192048430e-06	1.400000043459671638e-17
4.500000000000000000e+02	8.255352440755814314e-05	5.390194019128102809e-06	1.400000043459671638e-17
4.510000000000000000e+02	8.222212636610493064e-05	5.394577783590648323e-06	1.400000043459671638e-17
4.520000000000000000e+02	8.189344953279942274e-05	5.398976099968422204e-06	1.400000043459671638e-17
4.530000000000000000e+02	8.156711555784568191e-05	5.403391241998178884e-06	1.400000043459671638e-17
4.540000000000000000e+02	8.124115265673026443e-05	5.407808203017339110e-06	1.400000043459671638e-17
4.550000000000000000e+02	8.091558265732601285e-05	5.412218342826236039e-06	1.400000043459671638e-17
4.560000000000000000e+02	8.059119863901287317e-05	5.416629392129834741e-06	1.400000043459671638e-17
4.570000000000000000e+02	8.026682189665734768e-05	5.421059995569521561e-06	1.400000043459671638e-17
4.580000000000000000e+02	7.994182669790461659e-05	5.425506969913840294e-06	1.400000043459671638e-17
4.590000000000000000e+02	7.961555820656940341e-05	5.429952580016106367e-06	1.400000043459671638e-17
4.600000000000000000e+02	7.928728155093267560e-05	5.434393187897512689e-06	1.400000043459671638e-17
4.610000000000000000e+02	7.895601447671651840e-05	5.438832886284217238e-06	1.400000043459671638e-17
4.620000000000000000e+02	7.862279016990214586e-05	5.443299414764624089e-06	1.400000043459671638e-17
4.630000000000000000e+02	7.828677189536392689e-05	5.447775038192048669e-06	1.400000043459671638e-17
4.640000000000000000e+02	7.794788689352571964e-05	5.452247933135367930e-06	1.400000043459671638e-17
4.650000000000000000e+02	7.760700100334361196e-05	5.456720373331336305e-06	1.400000043459671638e-17
4.660000000000000000e+02	7.723837188677862287e-05	5.461190085043199360e-06	1.400000043459671638e-17
4.670000000000000000e+02	7.686832395847886801e-05	5.465690264827571809e-06	1.400000043459671638e-17
4.680000000000000000e+02	7.649713370483368635e-05	5.470195446832804009e-06	1.400000043459671638e-17
4.690000000000000000e+02	7.612252375110983849e-05	5.474697900353930891e-06	1.400000043459671638e-17
4.700000000000000000e+02	7.574457413284108043e-05	5.479198534885654226e-06	1.400000043459671638e-17
4.710000000000000000e+02	7.536399789387360215e-05	5.483700988406781107e-06	1.400000043459671638e-17
4.720000000000000000e+02	7.497847400372847915e-05	5.488223450811346993e-06	1.400000043459671638e-17
4.730000000000000000e+02	7.458724576281383634e-05	5.492753189173527062e-06	1.400000043459671638e-17
4.740000000000000000e+02	7.419085159199312329e-05	5.497280199051601812e-06	1.400000043459671638e-17
4.750000000000000000e+02	7.378925511147826910e-05	5.501804025698220357e-06	1.400000043459671638e-17
4.760000000000000000e+02	7.338208524743095040e-05	5.506326488102786243e-06	1.400000043459671638e-17
4.770000000000000000e+02	7.297147385543212295e-05	5.510874416359001771e-06	1.400000043459671638e-17
4.780000000000000000e+02	7.255790842464193702e-05	5.515425073099322617e-06	1.400000043459671638e-17
4.790000000000000000e+02	7.214325160020962358e-05	5.519973910850239918e-06	1.400000043459671638e-17
4.800000000000000000e+02	7.173063931986689568e-05	5.524520929611753672e-06	1.400000043459671638e-17
4.810000000000000000e+02	7.132185419322922826e-05	5.529067038878565654e-06	1.400000043459671638e-17
4.820000000000000000e+02	7.091969018802046776e-05	5.533640432986430824e-06	1.400000043459671638e-17
4.830000000000000000e+02	7.052394357742741704e-05	5.538213827094295993e-06	1.400000043459671638e-17
4.840000000000000000e+02	7.013646973064169288e-05	5.542788130696862936e-06	1.400000043459671638e-17
4.850000000000000000e+02	6.975744327064603567e-05	5.547357886825921014e-06	1.400000043459671638e-17
4.860000000000000000e+02	6.938653677934780717e-05	5.551926278712926432e-06	1.400000043459671638e-17
4.870000000000000000e+02	6.902363384142518044e-05	5.556530595640651882e-06	1.400000043459671638e-17
4.880000000000000000e+02	6.866652984172105789e-05	5.561135822063079104e-06	1.400000043459671638e-17
4.890000000000000000e+02	6.831383507233113050e-05	5.565737865254050121e-06	1.400000043459671638e-17
4.900000000000000000e+02	6.796350498916581273e-05	5.570337089011445642e-05	2.800000086919343276e-17
4.910000000000000000e+02	6.721809040755033493e-05	1.282469602301716805e-04	5.600000173838686553e-17
4.920000000000000000e+02	6.613697041757404804e-05	8.743715443415567279e-05	5.600000173838686553e-17
4.930000000000000000e+02	6.464260513894259930e-05	5.401529051596298814e-05	5.600000173838686553e-17
4.940000000000000000e+02	6.309152377070859075e-05	3.971008118242025375e-05	5.600000173838686553e-17
4.950000000000000000e+02	6.154112634249031544e-05	3.287121216999366879e-05	5.600000173838686553e-17
4.960000000000000000e+02	5.999115455779246986e-05	2.926408524217549711e-05	5.600000173838686553e-17
4.970000000000000000e+02	5.843950930284336209e-05	2.732043867581523955e-05	5.600000173838686553e-17
4.980000000000000000e+02	5.688368401024490595e-05	2.634020893310662359e-05	5.600000173838686553e-17
4.990000000000000000e+02	5.532294744625687599e-05	2.597000639070756733e-05	5.600000173838686553e-17
5.000000000000000000e+02	5.375829277909360826e-05	2.601253618195187300e-05	5.600000173838686553e-17
5.010000000000000000e+02	5.218950173002667725e-05	2.634656084410380572e-05	5.600000173838686553e-17
5.020000000000000000e+02	5.061490810476243496e-05	2.689051507331896573e-05	5.600000173838686553e-17
5.030000000000000000e+02	4.903510853182524443e-05	2.759473863989114761e-05	5.600000173838686553e-17
5.040000000000000000e+02	4.745122714666649699e-05	2.842453795892652124e-05	5.600000173838686553e-17
5.050000000000000000e+02	4.586289651342667639e-05	2.935276643256656826e-05	5.600000173838686553e-17
5.060000000000000000e+02	4.427053863764740527e-05	3.036087764485273510e-05	5.600000173838686553e-17
5.070000000000000000e+02	4.267465919838286936e-05	3.143428693874739110e-05	5.600000173838686553e-17
5.080000000000000000e+02	4.107592758373357356e-05	3.256270792917348444e-05	5.600000173838686553e-17
5.090000000000000000e+02	3.947482400690205395e-05	3.373766594449989498e-05	5.600000173838686553e-17
5.100000000000000000e+02	3.787173045566305518e-05	3.495190321700647473e-05	5.600000173838686553e-17
5.110000000000000000e+02	3.626696707215160131e-05	3.620035204221494496e-05	5.600000173838686553e-17
5.120000000000000000e+02	3.466046837274916470e-05	3.747751907212659717e-05	5.600000173838686553e-17
5.130000000000000000e+02	3.305299105704762042e-05	3.878045754390768707e-05	5.600000173838686553e-17
5.140000000000000000e+02	3.144361835438758135e-05	4.010523480246774852e-05	5.600000173838686553e-17
5.150000000000000000e+02	2.983345802931580693e-05	4.144986814935691655e-05	5.600000173838686553e-17
5.160000000000000000e+02	2.824190414685290307e-05	4.283275120542384684e-05	5.600000173838686553e-17
5.170000000000000000e+02	2.665110514499247074e-05	4.422991332830861211e-05	5.600000173838686553e-17
5.180000000000000000e+02	2.506011514924466610e-05	4.563955735648050904e-05	5.600000173838686553e-17
5.190000000000000000e+02	2.346980545553378761e-05	4.706080289906822145e-05	5.600000173838686553e-17
5.200000000000000000e+02	2.187965219491161406e-05	4.849204924539662898e-05	5.600000173838686553e-17
5.210000000000000000e+02	2.028962444455828518e-05	4.993225957150571048e-05	5.600000173838686553e-17
5.220000000000000000e+02	1.870006963144987822e-05	5.138062260812148452e-05	5.600000173838686553e-17
5.230000000000000000e+02	1.711066761345136911e-05	5.283625796437263489e-05	5.600000173838686553e-17
5.240000000000000000e+02	1.552153116790577769e-05	5.429846714832819998e-05	5.600000173838686553e-17
5.250000000000000000e+02	1.393225738866021857e-05	5.576652984018437564e-05	5.600000173838686553e-17
5.260000000000000000e+02	1.234202500199899077e-05	5.723951835534535348e-05	5.600000173838686553e-17
5.270000000000000000e+02	1.075206910172710195e-05	5.871747998753562570e-05	5.600000173838686553e-17
5.280000000000000000e+02	9.162034984910860658e-06	6.019990541972219944e-05	5.600000173838686553e-17
5.290000000000000000e+02	7.571538390038767830e-06	6.168633262859657407e-05	5.600000173838686553e-17
5.300000000000000000e+02	5.980755759082967415e-06	6.317647057585418224e-05	5.600000173838686553e-17
5.310000000000000000e+02	5.916554982832167298e-06	6.319180829450488091e-05	5.465977062270394797e-17
5.320000000000000000e+02	5.916554982832167298e-06	6.314380152616649866e-05	5.332787417887311472e-17
5.330000000000000000e+02	5.916554982832167298e-06	6.309455056907609105e-05	5.205711299975485063e-17
5.340000000000000000e+02	5.693405546480789781e-05	6.539134192280471325e-04	1.400000043459671638e-17
5.350000000000000000e+02	5.693419370800256729e-05	6.544645293615758419e-04	1.400000043459671638e-17
5.360000000000000000e+02	5.693415732821449637e-05	6.550154648721218109e-04	1.400000043459671638e-17
5.370000000000000000e+02	5.693405182682909071e-05	6.555675063282251358e-04	1.400000043459671638e-17
5.380000000000000000e+02	5.693377897841855884e-05	6.561219925060868263e-04	1.400000043459671638e-17
5.390000000000000000e+02	5.693348430213518441e-05	6.566764204762876034e-04	1.400000043459671638e-17
5.400000000000000000e+02	5.693285856978036463e-05	6.572302663698792458e-04	1.400000043459671638e-17
5.410000000000000000e+02	5.693241837434470654e-05	6.577838794328272343e-04	1.400000043459671638e-17
5.420000000000000000e+02	5.693209095625206828e-05	6.583372596651315689e-04	1.400000043459671638e-17
5.430000000000000000e+02	5.693217462976463139e-05	6.588938995264470577e-04	1.400000043459671638e-17
5.440000000000000000e+02	5.693264756700955331e-05	6.594507140107452869e-04	1.400000043459671638e-17
5.450000000000000000e+02	5.693384082405827940e-05	6.600069464184343815e-04	1.400000043459671638e-17
5.460000000000000000e+02	5.693453567801043391e-05	6.605631206184625626e-04	1.400000043459671638e-17
5.470000000000000000e+02	5.693471757695078850e-05	6.611187709495425224e-04	1.400000043459671638e-17
5.480000000000000000e+02	5.695776417269371450e-05	6.616761675104498863e-04	1.400000043459671638e-17
5.490000000000000000e+02	5.697955566574819386e-05	6.622350192628800869e-04	1.400000043459671638e-17
5.500000000000000000e+02	5.699936809833161533e-05	6.627931725233793259e-04	1.400000043459671638e-17
5.510000000000000000e+02	5.701755799236707389e-05	6.633516168221831322e-04	1.400000043459671638e-17
5.520000000000000000e+02	5.703380156774073839e-05	6.639095372520387173e-04	1.400000043459671638e-17
5.530000000000000000e+02	5.704782961402088404e-05	6.644675740972161293e-04	1.400000043459671638e-17
5.540000000000000000e+02	5.706004958483390510e-05	6.650282884947955608e-04	1.400000043459671638e-17
5.550000000000000000e+02	5.707042873837053776e-05	6.655891193076968193e-04	1.400000043459671638e-17
5.560000000000000000e+02	5.707876698579639196e-05	6.661494844593107700e-04	1.400000043459671638e-17
5.570000000000000000e+02	5.708612661692313850e-05	6.667096749879419804e-04	1.400000043459671638e-17
5.580000000000000000e+02	5.707068703486584127e-05	6.672696326859295368e-04	1.400000043459671638e-17
5.590000000000000000e+02	5.705635339836589992e-05	6.678312201984226704e-04	1.400000043459671638e-17
5.600000000000000000e+02	5.704375143977813423e-05	6.683949031867086887e-04	1.400000043459671638e-17
5.610000000000000000e+02	5.703265924239531159e-05	6.689581205137073994e-04	1.400000043459671638e-17
5.620000000000000000e+02	5.702364069293253124e-05	6.695213960483670235e-04	1.400000043459671638e-17
5.630000000000000000e+02	5.701789632439613342e-05	6.700840312987565994e-04	1.400000043459671638e-17
5.640000000000000000e+02	5.701600093743763864e-05	6.706464337185025215e-04	1.400000043459671638e-17
5.650000000000000000e+02	5.701801273971796036e-05	6.712129688821732998e-04	1.400000043459671638e-17
5.660000000000000000e+02	5.702399721485562623e-05	6.717791547998785973e-04	1.400000043459671638e-17
5.670000000000000000e+02	5.703478745999746025e-05	6.723451078869402409e-04	1.400000043459671638e-17
5.680000000000000000e+02	5.705046714865602553e-05	6.729108281433582306e-04	1.400000043459671638e-17
5.690000000000000000e+02	5.707098171114921570e-05	6.734761409461498260e-04	1.400000043459671638e-17
5.700000000000000000e+02	5.709710603696294129e-05	6.740434328094124794e-04	1.400000043459671638e-17
5.710000000000000000e+02	5.712928032153286040e-05	6.746125873178243637e-04	1.400000043459671638e-17
5.720000000000000000e+02	5.716785744880326092e-05	6.751816836185753345e-04	1.400000043459671638e-17
5.730000000000000000e+02	5.721248453482985497e-05	6.757501396350562572e-04	1.400000043459671638e-17
5.740000000000000000e+02	5.726229574065655470e-05	6.763188284821808338e-04	1.400000043459671638e-17
5.750000000000000000e+02	5.731743294745683670e-05	6.768868770450353622e-04	1.400000043459671638e-17
5.760000000000000000e+02	5.737838364439085126e-05	6.774580106139183044e-04	1.400000043459671638e-17
5.770000000000000000e+02	5.744412919739261270e-05	6.780295516364276409e-04	1.400000043459671638e-17
5.780000000000000000e+02	5.751422213506884873e-05	6.786006269976496696e-04	1.400000043459671638e-17
5.790000000000000000e+02	5.758867337135598063e-05	6.791715859435498714e-04	1.400000043459671638e-17
5.800000000000000000e+02	5.766630420112051070e-05	6.797420792281627655e-04	1.400000043459671638e-17
5.810000000000000000e+02	5.774628516519442201e-05	6.803137366659939289e-04	1.400000043459671638e-17
5.820000000000000000e+02	5.782857988378964365e-05	6.808874313719570637e-04	1.400000043459671638e-17
5.830000000000000000e+02	5.791186413262039423e-05	6.814607186242938042e-04	1.400000043459671638e-17
5.840000000000000000e+02	5.799503560410812497e-05	6.820337730459868908e-04	1.400000043459671638e-17
5.850000000000000000e+02	5.807719571748748422e-05	6.826064200140535831e-04	1.400000043459671638e-17
5.860000000000000000e+02	5.815821350552141666e-05	6.831788341514766216e-04	1.400000043459671638e-17
5.870000000000000000e+02	5.823730680276639760e-05	6.837542168796062469e-04	1.400000043459671638e-17
5.880000000000000000e+02	5.831416274304501712e-05	6.843295996077358723e-04	1.400000043459671638e-17
5.890000000000000000e+02	5.838767538079991937e-05	6.849049241282045841e-04	1.400000043459671638e-17
5.900000000000000000e+02	5.845825580763630569e-05	6.854798411950469017e-04	1.400000043459671638e-17
5.910000000000000000e+02	5.852748290635645390e-05	6.860549328848719597e-04	1.400000043459671638e-17
5.920000000000000000e+02	5.859445445821620524e-05	6.866305484436452389e-04	1.400000043459671638e-17
5.930000000000000000e+02	5.865928687853738666e-05	6.872089579701423645e-04	1.400000043459671638e-17
5.940000000000000000e+02	5.872298788744956255e-05	6.877871346659958363e-04	1.400000043459671638e-17
5.950000000000000000e+02	5.878555748495273292e-05	6.883651367388665676e-04	1.400000043459671638e-17
5.960000000000000000e+02	5.884678466827608645e-05	6.889428477734327316e-04	1.400000043459671638e-17
5.970000000000000000e+02	5.890780812478624284e-05	6.895202095620334148e-04	1.400000043459671638e-17
5.980000000000000000e+02	5.896833681617863476e-05	6.901001906953752041e-04	1.400000043459671638e-17
5.990000000000000000e+02	5.902847260585986078e-05	6.906813359819352627e-04	1.400000043459671638e-17
6.000000000000000000e+02	5.908875027671456337e-05	6.912624812684953213e-04	1.400000043459671638e-17
6.010000000000000000e+02	5.914865687373094261e-05	6.918429862707853317e-04	1.400000043459671638e-17
6.020000000000000000e+02	5.920835246797651052e-05	6.924232584424316883e-04	1.400000043459671638e-17
6.030000000000000000e+02	5.926754965912550688e-05	6.930035888217389584e-04	1.400000043459671638e-17
6.040000000000000000e+02	5.932630301686003804e-05	6.935879355296492577e-04	1.400000043459671638e-17
6.050000000000000000e+02	5.938438698649406433e-05	6.941718165762722492e-04	1.400000043459671638e-17
6.060000000000000000e+02	5.944208896835334599e-05	6.947554647922515869e-04	1.400000043459671638e-17
6.070000000000000000e+02	5.949905607849359512e-05	6.953389383852481842e-04	1.400000043459671638e-17
6.080000000000000000e+02	5.955502274446189404e-05	6.959218881092965603e-04	1.400000043459671638e-17
6.090000000000000000e+02	5.961021088296547532e-05	6.965066422708332539e-04	1.400000043459671638e-17
6.100000000000000000e+02	5.966485332464799285e-05	6.970928516238927841e-04	1.400000043459671638e-17
6.110000000000000000e+02	5.971862628939561546e-05	6.976792355999350548e-04	1.400000043459671638e-17
6.120000000000000000e+02	5.977141699986532331e-05	6.982649210840463638e-04	1.400000043459671638e-17
6.130000000000000000e+02	5.982362563372589648e-05	6.988506065681576729e-04	1.400000043459671638e-17
6.140000000000000000e+02	5.987519762129522860e-05	6.994363502599298954e-04	1.400000043459671638e-17
6.150000000000000000e+02	5.992640944896265864e-05	7.000241312198340893e-04	1.400000043459671638e-17
6.160000000000000000e+02	5.997673724777996540e-05	7.006125524640083313e-04	1.400000043459671638e-17
6.170000000000000000e+02	6.002618465572595596e-05	7.012009155005216599e-04	1.400000043459671638e-17
6.180000000000000000e+02	6.007452611811459064e-05	7.017891039140522480e-04	1.400000043459671638e-17
6.190000000000000000e+02	6.012179801473394036e-05	7.023766520433127880e-04	1.400000043459671638e-17
6.200000000000000000e+02	6.016802944941446185e-05	7.029646076261997223e-04	1.400000043459671638e-17
6.210000000000000000e+02	6.021381341270171106e-05	7.035557646304368973e-04	1.400000043459671638e-17
6.220000000000000000e+02	6.025840775691904128e-05	7.041461649350821972e-04	1.400000043459671638e-17
6.230000000000000000e+02	6.030152508174069226e-05	7.047363906167447567e-04	1.400000043459671638e-17
6.240000000000000000e+02	6.034366379026323557e-05	7.053260924294590950e-04	1.400000043459671638e-17
6.250000000000000000e+02	6.038476931280456483e-05	7.059160852804780006e-04	1.400000043459671638e-17
6.260000000000000000e+02	6.042489621904678643e-05	7.065077079460024834e-04	1.400000043459671638e-17
6.270000000000000000e+02	6.046417547622695565e-05	7.071009604260325432e-04	1.400000043459671638e-17
6.280000000000000000e+02	6.050225783837959170e-05	7.076943293213844299e-04	1.400000043459671638e-17
6.290000000000000000e+02	6.053913966752588749e-05	7.082871743477880955e-04	1.400000043459671638e-17
6.300000000000000000e+02	6.057522114133462310e-05	7.088797865435481071e-04	1.400000043459671638e-17
6.310000000000000000e+02	6.060997839085757732e-05	7.094722241163253784e-04	1.400000043459671638e-17
6.320000000000000000e+02	6.064413901185616851e-05	7.100680959410965443e-04	1.400000043459671638e-17
6.330000000000000000e+02	6.067701178835704923e-05	7.106644334271550179e-04	1.400000043459671638e-17
6.340000000000000000e+02	6.070855306461453438e-05	7.112603052519261837e-04	1.400000043459671638e-17
6.350000000000000000e+02	6.073915210436098278e-05	7.118561188690364361e-04	1.400000043459671638e-17
6.360000000000000000e+02	6.076872523408383131e-05	7.124512339942157269e-04	1.400000043459671638e-17
6.370000000000000000e+02	6.079742888687178493e-05	7.130472222343087196e-04	1.400000043459671638e-17
6.380000000000000000e+02	6.082502295612357557e-05	7.136462954804301262e-04	1.400000043459671638e-17
6.390000000000000000e+02	6.085169297875836492e-05	7.142458925954997540e-04	1.400000043459671638e-17
6.400000000000000000e+02	6.087766450946219265e-05	7.148442673496901989e-04	1.400000043459671638e-17
6.410000000000000000e+02	6.090257011237554252e-05	7.154428749345242977e-04	1.400000043459671638e-17
6.420000000000000000e+02	6.092647163313813508e-05	7.160411332733929157e-04	1.400000043459671638e-17
6.430000000000000000e+02	6.094951095292344689e-05	7.166413706727325916e-04	1.400000043459671638e-17
6.440000000000000000e+02	6.097238292568363249e-05	7.172427722252905369e-04	1.400000043459671638e-17
6.450000000000000000e+02	6.099417078075930476e-05	7.178439409472048283e-04	1.400000043459671638e-17
6.460000000000000000e+02	6.101483813836239278e-05	7.184453424997627735e-04	1.400000043459671638e-17
6.470000000000000000e+02	6.103487976361066103e-05	7.190462783910334110e-04	1.400000043459671638e-17
6.480000000000000000e+02	6.105424108682200313e-05	7.196467486210167408e-04	1.400000043459671638e-17
6.490000000000000000e+02	6.107348599471151829e-05	7.202498381957411766e-04	1.400000043459671638e-17
6.500000000000000000e+02	6.109225068939849734e-05	7.208534516394138336e-04	1.400000043459671638e-17
6.510000000000000000e+02	6.111091352067887783e-05	7.214571814984083176e-04	1.400000043459671638e-17
6.520000000000000000e+02	6.112916162237524986e-05	7.220602128654718399e-04	1.400000043459671638e-17
6.530000000000000000e+02	6.114671123214066029e-05	7.226634188555181026e-04	1.400000043459671638e-17
6.540000000000000000e+02	6.116367876529693604e-05	7.232660427689552307e-04	1.400000043459671638e-17
6.550000000000000000e+02	6.118023884482681751e-05	7.238720427267253399e-04	1.400000043459671638e-17
6.560000000000000000e+02	6.119625322753563523e-05	7.244780426844954491e-04	1.400000043459671638e-17
6.570000000000000000e+02	6.121080514276400208e-05	7.250835769809782505e-04	1.400000043459671638e-17
6.580000000000000000e+02	6.122410559328272939e-05	7.256891694851219654e-04	1.400000043459671638e-17
6.590000000000000000e+02	6.123586354078724980e-05	7.262939470820128918e-04	1.400000043459671638e-17
6.600000000000000000e+02	6.124641367932781577e-05	7.269002380780875683e-04	1.400000043459671638e-17
6.610000000000000000e+02	6.125578511273488402e-05	7.275088573805987835e-04	1.400000043459671638e-17
6.620000000000000000e+02	6.126367225078865886e-05	7.281174766831099987e-04	1.400000043459671638e-17
6.630000000000000000e+02	6.127068627392873168e-05	7.287258631549775600e-04	1.400000043459671638e-17
6.640000000000000000e+02	6.127684173407033086e-05	7.293338421732187271e-04	1.400000043459671638e-17
6.650000000000000000e+02	6.128257518867030740e-05	7.299417629837989807e-04	1.400000043459671638e-17
6.660000000000000000e+02	6.128795212134718895e-05	7.305515464395284653e-04	1.400000043459671638e-17
6.670000000000000000e+02	6.129366374807432294e-05	7.311633089557290077e-04	1.400000043459671638e-17
6.680000000000000000e+02	6.129906978458166122e-05	7.317744893953204155e-04	1.400000043459671638e-17
6.690000000000000000e+02	6.130467227194458246e-05	7.323859608732163906e-04	1.400000043459671638e-17
6.700000000000000000e+02	6.131012924015522003e-05	7.329969666898250580e-04	1.400000043459671638e-17
6.710000000000000000e+02	6.131549889687448740e-05	7.336075068451464176e-04	1.400000043459671638e-17
6.720000000000000000e+02	6.132134876679629087e-05	7.342210737988352776e-04	1.400000043459671638e-17
6.730000000000000000e+02	6.132676207926124334e-05	7.348360959440469742e-04	1.400000043459671638e-17
6.740000000000000000e+02	6.133165879873558879e-05	7.354500703513622284e-04	1.400000043459671638e-17
6.750000000000000000e+02	6.133615534054115415e-05	7.360641029663383961e-04	1.400000043459671638e-17
6.760000000000000000e+02	6.134019349701702595e-05	7.366778445430099964e-04	1.400000043459671638e-17
6.770000000000000000e+02	6.134410796221345663e-05	7.372913532890379429e-04	1.400000043459671638e-17
6.780000000000000000e+02	6.134893919806927443e-05	7.379087037406861782e-04	1.400000043459671638e-17
6.790000000000000000e+02	6.135459261713549495e-05	7.385255885310471058e-04	1.400000043459671638e-17
6.800000000000000000e+02	6.136219599284231663e-05	7.391423569060862064e-04	1.400000043459671638e-17
6.810000000000000000e+02	6.137287709861993790e-05	7.397590670734643936e-04	1.400000043459671638e-17
6.820000000000000000e+02	6.138796743471175432e-05	7.403755444101989269e-04	1.400000043459671638e-17
6.830000000000000000e+02	6.140866753412410617e-05	7.409921381622552872e-04	1.400000043459671638e-17
6.840000000000000000e+02	6.143592327134683728e-05	7.416115840896964073e-04	1.400000043459671638e-17
6.850000000000000000e+02	6.147001113276928663e-05	7.422309136018157005e-04	1.400000043459671638e-17
6.860000000000000000e+02	6.151151319500058889e-05	7.428498938679695129e-04	1.400000043459671638e-17
6.870000000000000000e+02	6.156123708933591843e-05	7.434686413034796715e-04	1.400000043459671638e-17
6.880000000000000000e+02	6.161853525554761291e-05	7.440871559083461761e-04	1.400000043459671638e-17
6.890000000000000000e+02	6.168372055981308222e-05	7.447064272128045559e-04	1.400000043459671638e-17
6.900000000000000000e+02	6.175714224809780717e-05	7.453282596543431282e-04	1.400000043459671638e-17
6.910000000000000000e+02	6.183786899782717228e-05	7.459496264345943928e-04	1.400000043459671638e-17
6.920000000000000000e+02	6.192527507664635777e-05	7.465707021765410900e-04	1.400000043459671638e-17
6.930000000000000000e+02	6.201954238349571824e-05	7.471917779184877872e-04	1.400000043459671638e-17
6.940000000000000000e+02	6.212012522155418992e-05	7.478123297914862633e-04	1.400000043459671638e-17
6.950000000000000000e+02	6.222685624379664660e-05	7.484349771402776241e-04	1.400000043459671638e-17
6.960000000000000000e+02	6.233925523702055216e-05	7.490594871342182159e-04	1.400000043459671638e-17
6.970000000000000000e+02	6.245543772820383310e-05	7.496834732592105865e-04	1.400000043459671638e-17
6.980000000000000000e+02	6.257600034587085247e-05	7.503072265535593033e-04	1.400000043459671638e-17
6.990000000000000000e+02	6.270066660363227129e-05	7.509312126785516739e-04	1.400000043459671638e-17
7.000000000000000000e+02	6.282921822275966406e-05	7.515544421039521694e-04	1.400000043459671638e-17
7.010000000000000000e+02	6.296189530985429883e-05	7.521805237047374249e-04	1.400000043459671638e-17
7.020000000000000000e+02	6.309825403150171041e-05	7.528081187047064304e-04	1.400000043459671638e-17
7.030000000000000000e+02	6.323815614450722933e-05	7.534352480433881283e-04	1.400000043459671638e-17
7.040000000000000000e+02	6.338069215416908264e-05	7.540620863437652588e-04	1.400000043459671638e-17
7.050000000000000000e+02	6.352638592943549156e-05	7.546886918134987354e-04	1.400000043459671638e-17
7.060000000000000000e+02	6.367479363689199090e-05	7.553147734142839909e-04	1.400000043459671638e-17
7.070000000000000000e+02	6.382576975738629699e-05	7.559445803053677082e-04	1.400000043459671638e-17
7.080000000000000000e+02	6.399778794730082154e-05	7.565750274807214737e-04	1.400000043459671638e-17
7.090000000000000000e+02	6.417086842702701688e-05	7.572052418254315853e-04	1.400000043459671638e-17
7.100000000000000000e+02	6.434437818825244904e-05	7.578351651318371296e-04	1.400000043459671638e-17
7.110000000000000000e+02	6.451910303439944983e-05	7.584649138152599335e-04	1.400000043459671638e-17
7.120000000000000000e+02	6.469494110206142068e-05	7.590940804220736027e-04	1.400000043459671638e-17
7.130000000000000000e+02	6.487141217803582549e-05	7.597267976962029934e-04	1.400000043459671638e-17
7.140000000000000000e+02	6.504839984700083733e-05	7.603600388392806053e-04	1.400000043459671638e-17
7.150000000000000000e+02	6.522627518279477954e-05	7.609927561134099960e-04	1.400000043459671638e-17
7.160000000000000000e+02	6.540467438753694296e-05	7.616252987645566463e-04	1.400000043459671638e-17
7.170000000000000000e+02	6.558321911143139005e-05	7.622574921697378159e-04	1.400000043459671638e-17
7.180000000000000000e+02	6.576188752660527825e-05	7.628896273672580719e-04	1.400000043459671638e-17
7.190000000000000000e+02	6.594056321773678064e-05	7.635246729478240013e-04	1.400000043459671638e-17
7.200000000000000000e+02	6.611905700992792845e-05	7.641602423973381519e-04	1.400000043459671638e-17
7.210000000000000000e+02	6.629743438679724932e-05	7.647953461855649948e-04	1.400000043459671638e-17
7.220000000000000000e+02	6.647552072536200285e-05	7.654298096895217896e-04	1.400000043459671638e-17
7.230000000000000000e+02	6.665304681519046426e-05	7.660640985704958439e-04	1.400000043459671638e-17
7.240000000000000000e+02	6.683037645416334271e-05	7.666986784897744656e-04	1.400000043459671638e-17
7.250000000000000000e+02	6.698910146951675415e-05	7.673369254916906357e-04	1.400000043459671638e-17
7.260000000000000000e+02	6.714835762977600098e-05	7.679742411710321903e-04	1.400000043459671638e-17
7.270000000000000000e+02	6.730810855515301228e-05	7.686112076044082642e-04	1.400000043459671638e-17
7.280000000000000000e+02	6.746844883309677243e-05	7.692481158301234245e-04	1.400000043459671638e-17
7.290000000000000000e+02	6.762940029148012400e-05	7.698850240558385849e-04	1.400000043459671638e-17
7.300000000000000000e+02	6.779074465157464147e-05	7.705221651121973991e-04	1.400000043459671638e-17
7.310000000000000000e+02	6.795293302275240421e-05	7.711630896665155888e-04	1.400000043459671638e-17
7.320000000000000000e+02	6.811556522734463215e-05	7.718031993135809898e-04	1.400000043459671638e-17
7.330000000000000000e+02	6.827853940194472671e-05	7.724430179223418236e-04	1.400000043459671638e-17
7.340000000000000000e+02	6.844197196187451482e-05	7.730828947387635708e-04	1.400000043459671638e-17
7.350000000000000000e+02	6.860530265839770436e-05	7.737225387245416641e-04	1.400000043459671638e-17
7.360000000000000000e+02	6.876888073747977614e-05	7.743628229945898056e-04	1.400000043459671638e-17
7.370000000000000000e+02	6.893278623465448618e-05	7.750063668936491013e-04	1.400000043459671638e-17
7.380000000000000000e+02	6.909669900778681040e-05	7.756499107927083969e-04	1.400000043459671638e-17
7.390000000000000000e+02	6.926015339558944106e-05	7.762926397845149040e-04	1.400000043459671638e-17
7.400000000000000000e+02	6.942347681615501642e-05	7.769356598146259785e-04	1.400000043459671638e-17
7.410000000000000000e+02	6.958627636777237058e-05	7.775780977681279182e-04	1.400000043459671638e-17
7.420000000000000000e+02	6.974890857236459851e-05	7.782218744978308678e-04	1.400000043459671638e-17
7.430000000000000000e+02	6.991109694354236126e-05	7.788686198182404041e-04	1.400000043459671638e-17
7.440000000000000000e+02	7.007271779002621770e-05	7.795151323080062866e-04	1.400000043459671638e-17
7.450000000000000000e+02	7.023404759820550680e-05	7.801611209288239479e-04	1.400000043459671638e-17
7.460000000000000000e+02	7.039537740638479590e-05	7.808074005879461765e-04	1.400000043459671638e-17
7.470000000000000000e+02	7.055700552882626653e-05	7.814528653398156166e-04	1.400000043459671638e-17
7.480000000000000000e+02	7.071925210766494274e-05	7.820998434908688068e-04	1.400000043459671638e-17
7.490000000000000000e+02	7.088297570589929819e-05	7.827492081560194492e-04	1.400000043459671638e-17
7.500000000000000000e+02	7.104768883436918259e-05	7.833982817828655243e-04	1.400000043459671638e-17
7.510000000000000000e+02	7.121408270904794335e-05	7.840476464480161667e-04	1.400000043459671638e-17
7.520000000000000000e+02	7.138223736546933651e-05	7.846961962059140205e-04	1.400000043459671638e-17
7.530000000000000000e+02	7.155284401960670948e-05	7.853442220948636532e-04	1.400000043459671638e-17
7.540000000000000000e+02	7.172585901571437716e-05	7.859939942136406898e-04	1.400000043459671638e-17
7.550000000000000000e+02	7.190116593847051263e-05	7.866459782235324383e-04	1.400000043459671638e-17
7.560000000000000000e+02	7.207870658021420240e-05	7.872974383644759655e-04	1.400000043459671638e-17
7.570000000000000000e+02	7.225831359392032027e-05	7.879483164288103580e-04	1.400000043459671638e-17
7.580000000000000000e+02	7.244000153150409460e-05	7.885992527008056641e-04	1.400000043459671638e-17
7.590000000000000000e+02	7.262305734911933541e-05	7.892501307651400566e-04	1.400000043459671638e-17
7.600000000000000000e+02	7.280793943209573627e-05	7.899018237367272377e-04	1.400000043459671638e-17
7.610000000000000000e+02	7.299525168491527438e-05	7.905559032224118710e-04	1.400000043459671638e-17
7.620000000000000000e+02	7.318435382330790162e-05	7.912098080851137638e-04	1.400000043459671638e-17
7.630000000000000000e+02	7.337449642363935709e-05	7.918633637018501759e-04	1.400000043459671638e-17
7.640000000000000000e+02	7.356610149145126343e-05	7.925165118649601936e-04	1.400000043459671638e-17
7.650000000000000000e+02	7.375943096121773124e-05	7.931695436127483845e-04	1.400000043459671638e-17
7.660000000000000000e+02	7.395401189569383860e-05	7.938236813060939312e-04	1.400000043459671638e-17
7.670000000000000000e+02	7.415024447254836559e-05	7.944807293824851513e-04	1.400000043459671638e-17
7.680000000000000000e+02	7.434787403326481581e-05	7.951375446282327175e-04	1.400000043459671638e-17
7.690000000000000000e+02	7.454634032910689712e-05	7.957938942126929760e-04	1.400000043459671638e-17
7.700000000000000000e+02	7.474573067156597972e-05	7.964498945511877537e-04	1.400000043459671638e-17
7.710000000000000000e+02	7.494579040212556720e-05	7.971056038513779640e-04	1.400000043459671638e-17
7.720000000000000000e+02	7.514656317653134465e-05	7.977629429660737514e-04	1.400000043459671638e-17
7.730000000000000000e+02	7.534831820521503687e-05	7.984233088791370392e-04	1.400000043459671638e-17
7.740000000000000000e+02	7.555078627774491906e-05	7.990828598849475384e-04	1.400000043459671638e-17
7.750000000000000000e+02	7.575430208817124367e-05	7.997427019290626049e-04	1.400000043459671638e-17
7.760000000000000000e+02	7.595828355988487601e-05	8.004016708582639694e-04	1.400000043459671638e-17
7.770000000000000000e+02	7.616320363013073802e-05	8.010606979951262474e-04	1.400000043459671638e-17
7.780000000000000000e+02	7.636881491634994745e-05	8.017211221158504486e-04	1.400000043459671638e-17
7.790000000000000000e+02	7.657526293769478798e-05	8.023845148272812366e-04	1.400000043459671638e-17
7.800000000000000000e+02	7.678282418055459857e-05	8.030478493310511112e-04	1.400000043459671638e-17
7.810000000000000000e+02	7.699101115576922894e-05	8.037101943045854568e-04	1.400000043459671638e-17
7.820000000000000000e+02	7.720001303823664784e-05	8.043727721087634563e-04	1.400000043459671638e-17
7.830000000000000000e+02	7.740954606560990214e-05	8.050350588746368885e-04	1.400000043459671638e-17
7.840000000000000000e+02	7.761977758491411805e-05	8.056978113017976284e-04	1.400000043459671638e-17
7.850000000000000000e+02	7.783094042679294944e-05	8.063644636422395706e-04	1.400000043459671638e-17
7.860000000000000000e+02	7.804233609931543469e-05	8.070302428677678108e-04	1.400000043459671638e-17
7.870000000000000000e+02	7.825407374184578657e-05	8.076960220932960510e-04	1.400000043459671638e-17
7.880000000000000000e+02	7.846621883800253272e-05	8.083612774498760700e-04	1.400000043459671638e-17
7.890000000000000000e+02	7.867888052714988589e-05	8.090265328064560890e-04	1.400000043459671638e-17
7.900000000000000000e+02	7.889216794865205884e-05	8.096920792013406754e-04	1.400000043459671638e-17
7.910000000000000000e+02	7.910605199867859483e-05	8.103605359792709351e-04	1.400000043459671638e-17
7.920000000000000000e+02	7.932023436296731234e-05	8.110289927572011948e-04	1.400000043459671638e-17
7.930000000000000000e+02	7.953460590215399861e-05	8.116969256661832333e-04	1.400000043459671638e-17
7.940000000000000000e+02	7.974918844411149621e-05	8.123648585751652718e-04	1.400000043459671638e-17
7.950000000000000000e+02	7.996388012543320656e-05	8.130321511998772621e-04	1.400000043459671638e-17
7.960000000000000000e+02	8.017864456633105874e-05	8.136995020322501659e-04	1.400000043459671638e-17
7.970000000000000000e+02	8.039392560021951795e-05	8.143704617395997047e-04	1.400000043459671638e-17
7.980000000000000000e+02	8.060922118602320552e-05	8.150413632392883301e-04	1.400000043459671638e-17
7.990000000000000000e+02	8.082418207777664065e-05	8.157117990776896477e-04	1.400000043459671638e-17
8.000000000000000000e+02	8.103883737931028008e-05	8.163821185007691383e-04	1.400000043459671638e-17
8.010000000000000000e+02	8.125336898956447840e-05	8.170520304702222347e-04	1.400000043459671638e-17
8.020000000000000000e+02	8.146736217895522714e-05	8.177215349860489368e-04	1.400000043459671638e-17
8.030000000000000000e+02	8.168136264430359006e-05	8.183955214917659760e-04	1.400000043459671638e-17
8.040000000000000000e+02	8.189513755496591330e-05	8.190688677132129669e-04	1.400000043459671638e-17
8.050000000000000000e+02	8.210814849007874727e-05	8.197422139346599579e-04	1.400000043459671638e-17
8.060000000000000000e+02	8.232036634581163526e-05	8.204153855331242085e-04	1.400000043459671638e-17
8.070000000000000000e+02	8.253149280790239573e-05	8.210882078856229782e-04	1.400000043459671638e-17
8.080000000000000000e+02	8.274160791188478470e-05	8.217607391998171806e-04	1.400000043459671638e-17
8.090000000000000000e+02	8.295137376990169287e-05	8.224370540119707584e-04	1.400000043459671638e-17
8.100000000000000000e+02	8.316005551023408771e-05	8.231140673160552979e-04	1.400000043459671638e-17
8.110000000000000000e+02	8.336732571478933096e-05	8.237907895818352699e-04	1.400000043459671638e-17
8.120000000000000000e+02	8.357289334526285529e-05	8.244672208093106747e-04	1.400000043459671638e-17
8.130000000000000000e+02	8.377702761208638549e-05	8.251434192061424255e-04	1.400000043459671638e-17
8.140000000000000000e+02	8.397980855079367757e-05	8.258193265646696091e-04	1.400000043459671638e-17
8.150000000000000000e+02	8.418146899202838540e-05	8.264983189292252064e-04	1.400000043459671638e-17
8.160000000000000000e+02	8.438165968982502818e-05	8.271787082776427269e-04	1.400000043459671638e-17
8.170000000000000000e+02	8.458099910058081150e-05	8.278588065877556801e-04	1.400000043459671638e-17
8.180000000000000000e+02	8.477971277898177505e-05	8.285383228212594986e-04	1.400000043459671638e-17
8.190000000000000000e+02	8.497817907482385635e-05	8.292176062241196632e-04	1.400000043459671638e-17
8.200000000000000000e+02	8.517738751834258437e-05	8.298971224576234818e-04	1.400000043459671638e-17
8.210000000000000000e+02	8.537787653040140867e-05	8.305785013362765312e-04	1.400000043459671638e-17
8.220000000000000000e+02	8.557960245525464416e-05	8.312617428600788116e-04	1.400000043459671638e-17
8.230000000000000000e+02	8.578289271099492908e-05	8.319448679685592651e-04	1.400000043459671638e-17
8.240000000000000000e+02	8.598758722655475140e-05	8.326277602463960648e-04	1.400000043459671638e-17
8.250000000000000000e+02	8.619362779427319765e-05	8.333103614859282970e-04	1.400000043459671638e-17
8.260000000000000000e+02	8.640037412988021970e-05	8.339923224411904812e-04	1.400000043459671638e-17
8.270000000000000000e+02	8.660656749270856380e-05	8.346758550032973289e-04	1.400000043459671638e-17
8.280000000000000000e+02	8.681124018039554358e-05	8.353613666258752346e-04	1.400000043459671638e-17
8.290000000000000000e+02	8.701305341674014926e-05	8.360469946637749672e-04	1.400000043459671638e-17
8.300000000000000000e+02	8.721020276425406337e-05	8.367323316633701324e-04	1.400000043459671638e-17
8.310000000000000000e+02	8.740148768993094563e-05	8.374170865863561630e-04	1.400000043459671638e-17
8.320000000000000000e+02	8.758606418268755078e-05	8.381021325476467609e-04	1.400000043459671638e-17
8.330000000000000000e+02	8.776337926974520087e-05	8.387868874706327915e-04	1.400000043459671638e-17
8.340000000000000000e+02	8.793341112323105335e-05	8.394750184379518032e-04	1.400000043459671638e-17
8.350000000000000000e+02	8.809555583866313100e-05	8.401631494052708149e-04	1.400000043459671638e-17
8.360000000000000000e+02	8.824935503071174026e-05	8.408506400883197784e-04	1.400000043459671638e-17
8.370000000000000000e+02	8.839552174322307110e-05	8.415384800173342228e-04	1.400000043459671638e-17
8.380000000000000000e+02	8.853404870023950934e-05	8.422254468314349651e-04	1.400000043459671638e-17
8.390000000000000000e+02	8.866527059581130743e-05	8.429120643995702267e-04	1.400000043459671638e-17
8.400000000000000000e+02	8.879008237272500992e-05	8.436032803729176521e-04	1.400000043459671638e-17
8.410000000000000000e+02	8.890805474948137999e-05	8.442945545539259911e-04	1.400000043459671638e-17
8.420000000000000000e+02	8.901924593374133110e-05	8.449854794889688492e-04	1.400000043459671638e-17
8.430000000000000000e+02	8.912377234082669020e-05	8.456757641397416592e-04	1.400000043459671638e-17
8.440000000000000000e+02	8.922215783968567848e-05	8.463658741675317287e-04	1.400000043459671638e-17
8.450000000000000000e+02	8.931440970627591014e-05	8.470559259876608849e-04	1.400000043459671638e-17
8.460000000000000000e+02	8.940112456912174821e-05	8.477494120597839355e-04	1.400000043459671638e-17
8.470000000000000000e+02	8.948220784077420831e-05	8.484440040774643421e-04	1.400000043459671638e-17
8.480000000000000000e+02	8.955763769336044788e-05	8.491377229802310467e-04	1.400000043459671638e-17
8.490000000000000000e+02	8.962749416241422296e-05	8.498320821672677994e-04	1.400000043459671638e-17
8.500000000000000000e+02	8.969171904027462006e-05	8.505255100317299366e-04	1.400000043459671638e-17
8.510000000000000000e+02	8.975110540632158518e-05	8.512189961038529873e-04	1.400000043459671638e-17
8.520000000000000000e+02	8.980619895737618208e-05	8.519143448211252689e-04	1.400000043459671638e-17
8.530000000000000000e+02	8.985724707599729300e-05	8.526120800524950027e-04	1.400000043459671638e-17
8.540000000000000000e+02	8.990442438516765833e-05	8.533098734915256500e-04	1.400000043459671638e-17
8.550000000000000000e+02	8.994775998871773481e-05	8.540073758922517300e-04	1.400000043459671638e-17
8.560000000000000000e+02	8.998772682389244437e-05	8.547042380087077618e-04	1.400000043459671638e-17
8.570000000000000000e+02	9.002492151921615005e-05	8.554011001251637936e-04	1.400000043459671638e-17
8.580000000000000000e+02	9.005943138618022203e-05	8.560990681871771812e-04	1.400000043459671638e-17
8.590000000000000000e+02	9.009130735648795962e-05	8.568000630475580692e-04	1.400000043459671638e-17
8.600000000000000000e+02	9.012105874717235565e-05	8.575009997002780437e-04	1.400000043459671638e-17
8.610000000000000000e+02	9.014862735057249665e-05	8.582013542763888836e-04	1.400000043459671638e-17
8.620000000000000000e+02	9.017397678690031171e-05	8.589014178141951561e-04	1.400000043459671638e-17
8.630000000000000000e+02	9.019773278851062059e-05	8.596014813520014286e-04	1.400000043459671638e-17
8.640000000000000000e+02	9.021980804391205311e-05	8.603012538515031338e-04	1.400000043459671638e-17
8.650000000000000000e+02	9.024064638651907444e-05	8.610047516413033009e-04	1.400000043459671638e-17
8.660000000000000000e+02	9.026006591739133000e-05	8.617079001851379871e-04	1.400000043459671638e-17
8.670000000000000000e+02	9.027832857100293040e-05	8.624112815596163273e-04	1.400000043459671638e-17
8.680000000000000000e+02	9.029515786096453667e-05	8.631140808574855328e-04	1.400000043459671638e-17
8.690000000000000000e+02	9.031054651131853461e-05	8.638162980787456036e-04	1.400000043459671638e-17
8.700000000000000000e+02	9.032504749484360218e-05	8.645181660540401936e-04	1.400000043459671638e-17
8.710000000000000000e+02	9.033923561219125986e-05	8.652233518660068512e-04	1.400000043459671638e-17
8.720000000000000000e+02	9.035250695887953043e-05	8.659294107928872108e-04	1.400000043459671638e-17
8.730000000000000000e+02	9.036481060320511460e-05	8.666348876431584358e-04	1.400000043459671638e-17
8.740000000000000000e+02	9.037645941134542227e-05	8.673403062857687473e-04	1.400000043459671638e-17
8.750000000000000000e+02	9.038744610734283924e-05	8.680457249283790588e-04	1.400000043459671638e-17
8.760000000000000000e+02	9.039784345077350736e-05	8.687506197020411491e-04	1.400000043459671638e-17
8.770000000000000000e+02	9.040794247994199395e-05	8.694569114595651627e-04	1.400000043459671638e-17
